          MT	 16.93	 0.34	 0.66	 0.0	 81.65	 23.39	 45.32	 0.53	 0.0	 0
          MT	 5.88	 0.24	 0.76	 0.0	 80.04	 23.28	 16.72	 0.53	 0.0	 1
          MT	 123.08	 0.22	 0.78	 0.0	 88.05	 13.29	 47.99	 0.53	 0.0	 2
          MT	 68.87	 0.26	 0.74	 0.0	 83.27	 13.2	 35.21	 0.53	 0.0	 3
          MT	 43.23	 0.19	 0.81	 0.0	 85.69	 14.39	 55.37	 0.53	 0.0	 4
          MT	 109.32	 0.4	 0.6	 0.0	 81.95	 24.16	 26.61	 0.53	 0.0	 5
          MT	 3.15	 0.35	 0.65	 0.0	 53.33	 0.0	 28.57	 0.53	 0.0	 6
          MT	 8.86	 0.41	 0.59	 0.0	 73.65	 26.65	 34.3	 0.53	 0.0	 7
         GLD	 35.66	 0.15	 0.48	 0.37	 89.58	 18.5	 42.23	 0.92	 0.08	 0
         GLD	 15.36	 0.09	 0.38	 0.52	 92.15	 10.12	 56.01	 0.92	 0.08	 1
         GLD	 111.67	 0.18	 0.4	 0.43	 86.97	 16.39	 44.26	 0.92	 0.08	 2
         GLD	 92.0	 0.25	 0.35	 0.4	 84.57	 18.97	 35.34	 0.92	 0.08	 3
         GLD	 65.76	 0.19	 0.43	 0.38	 79.01	 20.81	 37.1	 0.92	 0.08	 4
         GLD	 53.83	 0.3	 0.2	 0.5	 70.16	 22.87	 30.67	 0.92	 0.08	 5
         GLD	 8.6	 0.33	 0.19	 0.49	 153.43	 22.29	 74.29	 0.92	 0.08	 6
         GLD	 7.33	 0.33	 0.11	 0.56	 88.98	 57.06	 16.22	 0.92	 0.08	 7
        Oxsy	 16.13	 0.3	 0.41	 0.29	 69.56	 12.04	 38.27	 1.83	 0.64	 0
        Oxsy	 14.32	 0.3	 0.38	 0.32	 79.44	 5.66	 39.8	 1.83	 0.64	 1
        Oxsy	 38.54	 0.3	 0.47	 0.22	 74.04	 6.9	 35.91	 1.83	 0.64	 2
        Oxsy	 69.16	 0.33	 0.43	 0.23	 77.3	 5.01	 35.73	 1.83	 0.64	 3
        Oxsy	 26.53	 0.41	 0.37	 0.22	 69.18	 10.47	 31.11	 1.83	 0.64	 4
        Oxsy	 36.59	 0.47	 0.32	 0.21	 72.7	 5.44	 31.1	 1.83	 0.64	 5
        Oxsy	 4.72	 0.5	 0.24	 0.27	 81.42	 35.55	 34.64	 1.83	 0.64	 6
        Oxsy	 3.76	 0.58	 0.18	 0.24	 78.02	 35.5	 26.67	 1.83	 0.64	 7
       Alice	 42.53	 0.29	 0.42	 0.29	 88.19	 22.21	 40.88	 1.45	 0.5	 0
       Alice	 11.83	 0.26	 0.27	 0.47	 81.85	 21.55	 36.52	 1.45	 0.5	 1
       Alice	 56.11	 0.29	 0.39	 0.32	 78.01	 20.85	 38.04	 1.45	 0.5	 2
       Alice	 70.23	 0.36	 0.25	 0.39	 78.95	 19.57	 35.6	 1.45	 0.5	 3
       Alice	 38.84	 0.37	 0.22	 0.41	 71.03	 25.89	 30.45	 1.45	 0.5	 4
       Alice	 84.78	 0.41	 0.17	 0.42	 67.48	 22.98	 28.1	 1.45	 0.5	 5
       Alice	 9.9	 0.39	 0.13	 0.48	 88.12	 40.92	 29.16	 1.45	 0.5	 6
       Alice	 9.06	 0.4	 0.1	 0.5	 78.5	 40.21	 23.72	 1.45	 0.5	 7
      MT2018	 40.82	 0.23	 0.45	 0.32	 89.37	 19.69	 43.72	 1.01	 0.35	 0
      MT2018	 12.91	 0.2	 0.3	 0.5	 85.09	 21.6	 38.64	 1.01	 0.35	 1
      MT2018	 92.9	 0.25	 0.5	 0.25	 84.25	 19.38	 41.26	 1.01	 0.35	 2
      MT2018	 77.09	 0.28	 0.37	 0.34	 81.94	 18.23	 39.44	 1.01	 0.35	 3
      MT2018	 42.33	 0.29	 0.39	 0.32	 79.27	 22.31	 37.11	 1.01	 0.35	 4
      MT2018	 83.66	 0.35	 0.24	 0.4	 73.31	 21.19	 32.18	 1.01	 0.35	 5
      MT2018	 8.44	 0.35	 0.18	 0.47	 91.86	 37.65	 31.49	 1.01	 0.35	 6
      MT2018	 6.1	 0.42	 0.08	 0.5	 88.3	 49.71	 26.95	 1.01	 0.35	 7
      MT2019	 54.32	 0.18	 0.48	 0.33	 88.48	 19.08	 38.98	 1.04	 0.33	 0
      MT2019	 16.81	 0.16	 0.45	 0.4	 83.8	 15.52	 39.39	 1.04	 0.33	 1
      MT2019	 120.62	 0.23	 0.45	 0.32	 84.37	 19.01	 38.22	 1.04	 0.33	 2
      MT2019	 103.42	 0.28	 0.31	 0.42	 78.34	 22.07	 35.75	 1.04	 0.33	 3
      MT2019	 61.58	 0.29	 0.33	 0.38	 77.44	 26.19	 33.49	 1.04	 0.33	 4
      MT2019	 125.24	 0.38	 0.21	 0.41	 73.94	 29.45	 28.48	 1.04	 0.33	 5
      MT2019	 10.61	 0.36	 0.2	 0.44	 86.66	 34.65	 33.24	 1.04	 0.33	 6
      MT2019	 6.93	 0.41	 0.07	 0.52	 77.85	 43.73	 21.89	 1.04	 0.33	 7
      Namira	 51.76	 0.22	 0.51	 0.27	 90.54	 16.17	 51.3	 1.02	 0.14	 0
      Namira	 14.04	 0.22	 0.27	 0.51	 88.81	 22.8	 47.91	 1.02	 0.14	 1
      Namira	 89.79	 0.22	 0.53	 0.25	 83.22	 15.46	 46.22	 1.02	 0.14	 2
      Namira	 51.68	 0.41	 0.22	 0.37	 69.22	 20.06	 32.36	 1.02	 0.14	 3
      Namira	 44.13	 0.35	 0.26	 0.39	 71.78	 24.8	 32.35	 1.02	 0.14	 4
      Namira	 104.51	 0.39	 0.24	 0.37	 71.8	 19.61	 34.09	 1.02	 0.14	 5
      Namira	 8.74	 0.47	 0.11	 0.42	 93.94	 53.31	 24.14	 1.02	 0.14	 6
      Namira	 13.08	 0.39	 0.07	 0.54	 82.33	 51.67	 18.37	 1.02	 0.14	 7
      Ri-one	 27.6	 0.22	 0.42	 0.36	 89.57	 24.99	 42.23	 0.35	 0.07	 0
      Ri-one	 9.04	 0.17	 0.32	 0.5	 107.78	 25.41	 53.81	 0.35	 0.07	 1
      Ri-one	 107.25	 0.28	 0.34	 0.38	 74.84	 20.55	 36.72	 0.35	 0.07	 2
      Ri-one	 81.83	 0.29	 0.25	 0.45	 71.48	 19.84	 34.19	 0.35	 0.07	 3
      Ri-one	 84.99	 0.37	 0.24	 0.39	 72.0	 24.64	 30.58	 0.35	 0.07	 4
      Ri-one	 121.18	 0.4	 0.14	 0.46	 68.02	 26.68	 24.66	 0.35	 0.07	 5
      Ri-one	 6.77	 0.45	 0.13	 0.42	 107.84	 45.04	 29.55	 0.35	 0.07	 6
      Ri-one	 8.43	 0.4	 0.08	 0.53	 85.01	 46.44	 27.59	 0.35	 0.07	 7
      YS4231	 61.65	 0.18	 0.56	 0.27	 87.22	 19.6	 36.31	 1.06	 0.34	 0
      YS4231	 26.82	 0.13	 0.49	 0.38	 79.84	 16.68	 34.59	 1.06	 0.34	 1
      YS4231	 177.29	 0.19	 0.58	 0.23	 80.94	 19.68	 31.55	 1.06	 0.34	 2
      YS4231	 93.88	 0.24	 0.35	 0.41	 72.63	 24.76	 30.96	 1.06	 0.34	 3
      YS4231	 91.33	 0.25	 0.42	 0.33	 77.88	 23.55	 30.14	 1.06	 0.34	 4
      YS4231	 89.7	 0.38	 0.22	 0.41	 68.13	 30.64	 24.49	 1.06	 0.34	 5
      YS4231	 9.78	 0.32	 0.26	 0.42	 80.68	 32.82	 34.97	 1.06	 0.34	 6
      YS4231	 12.3	 0.35	 0.17	 0.48	 74.43	 44.13	 21.21	 1.06	 0.34	 7
      YuShan	 36.93	 0.26	 0.51	 0.23	 89.15	 26.87	 29.8	 0.54	 0.62	 0
      YuShan	 12.58	 0.28	 0.28	 0.44	 83.59	 24.47	 23.9	 0.54	 0.62	 1
      YuShan	 147.46	 0.28	 0.45	 0.27	 88.71	 25.31	 26.1	 0.54	 0.62	 2
      YuShan	 118.31	 0.3	 0.37	 0.33	 84.5	 23.39	 27.65	 0.54	 0.62	 3
      YuShan	 109.85	 0.29	 0.32	 0.38	 84.63	 27.24	 30.94	 0.54	 0.62	 4
      YuShan	 125.61	 0.32	 0.33	 0.34	 81.7	 24.38	 31.15	 0.54	 0.62	 5
      YuShan	 8.33	 0.28	 0.09	 0.63	 68.11	 38.44	 33.74	 0.54	 0.62	 6
      YuShan	 3.26	 0.31	 0.19	 0.5	 93.54	 36.56	 33.75	 0.54	 0.62	 7
      nbut2d	 16.4	 0.29	 0.71	 0.0	 95.74	 30.78	 40.84	 0.0	 0.07	 0
      nbut2d	 4.0	 0.5	 0.5	 0.0	 66.67	 14.81	 18.52	 0.0	 0.07	 1
      nbut2d	 52.0	 0.28	 0.72	 0.0	 90.52	 9.5	 54.5	 0.0	 0.07	 2
      nbut2d	 35.6	 0.38	 0.62	 0.0	 88.3	 15.59	 50.36	 0.0	 0.07	 3
      nbut2d	 41.2	 0.22	 0.78	 0.0	 91.87	 12.54	 40.79	 0.0	 0.07	 4
      nbut2d	 36.2	 0.29	 0.71	 0.0	 84.14	 4.69	 31.97	 0.0	 0.07	 5
      nbut2d	 7.6	 0.26	 0.74	 0.0	 95.0	 21.0	 44.0	 0.0	 0.07	 6
      nbut2d	 19.4	 0.38	 0.62	 0.0	 89.33	 24.52	 43.75	 0.0	 0.07	 7
     AHUT-SC	 68.04	 0.18	 0.51	 0.31	 81.37	 15.88	 33.36	 1.42	 0.68	 0
     AHUT-SC	 14.85	 0.16	 0.43	 0.41	 84.86	 15.1	 31.86	 1.42	 0.68	 1
     AHUT-SC	 183.33	 0.2	 0.52	 0.28	 78.3	 20.92	 26.95	 1.42	 0.68	 2
     AHUT-SC	 129.59	 0.23	 0.35	 0.42	 73.4	 23.32	 30.78	 1.42	 0.68	 3
     AHUT-SC	 101.21	 0.26	 0.39	 0.34	 78.52	 27.51	 27.77	 1.42	 0.68	 4
     AHUT-SC	 141.67	 0.32	 0.34	 0.34	 76.83	 27.82	 26.59	 1.42	 0.68	 5
     AHUT-SC	 6.76	 0.39	 0.21	 0.39	 74.16	 49.6	 26.92	 1.42	 0.68	 6
     AHUT-SC	 10.41	 0.32	 0.13	 0.55	 77.07	 49.88	 15.26	 1.42	 0.68	 7
     Agent2D	 26.09	 0.07	 0.5	 0.42	 89.95	 24.79	 45.87	 0.83	 0.0	 0
     Agent2D	 18.73	 0.06	 0.43	 0.51	 96.14	 14.35	 50.91	 0.83	 0.0	 1
     Agent2D	 107.75	 0.13	 0.41	 0.46	 88.65	 14.85	 46.26	 0.83	 0.0	 2
     Agent2D	 91.92	 0.19	 0.35	 0.46	 91.57	 16.68	 41.12	 0.83	 0.0	 3
     Agent2D	 75.34	 0.19	 0.48	 0.33	 84.04	 20.01	 40.82	 0.83	 0.0	 4
     Agent2D	 70.33	 0.3	 0.23	 0.47	 69.79	 21.29	 33.27	 0.83	 0.0	 5
     Agent2D	 6.11	 0.36	 0.22	 0.42	 79.89	 40.21	 32.54	 0.83	 0.0	 6
     Agent2D	 11.5	 0.43	 0.09	 0.48	 84.91	 59.04	 16.13	 0.83	 0.0	 7
     YS_0317	 84.61	 0.13	 0.55	 0.32	 84.97	 18.87	 33.98	 0.9	 0.27	 0
     YS_0317	 20.01	 0.16	 0.36	 0.48	 79.84	 16.86	 34.64	 0.9	 0.27	 1
     YS_0317	 160.02	 0.17	 0.58	 0.25	 84.37	 14.75	 38.1	 0.9	 0.27	 2
     YS_0317	 195.75	 0.24	 0.37	 0.39	 75.65	 19.08	 33.77	 0.9	 0.27	 3
     YS_0317	 87.23	 0.22	 0.48	 0.3	 81.91	 18.75	 35.32	 0.9	 0.27	 4
     YS_0317	 166.17	 0.32	 0.34	 0.34	 74.65	 21.64	 31.3	 0.9	 0.27	 5
     YS_0317	 9.54	 0.28	 0.28	 0.44	 85.06	 26.75	 34.13	 0.9	 0.27	 6
     YS_0317	 14.49	 0.36	 0.22	 0.42	 72.53	 37.8	 23.52	 0.9	 0.27	 7
     YS_0318	 86.52	 0.13	 0.54	 0.33	 86.08	 19.23	 34.69	 1.03	 0.39	 0
     YS_0318	 20.93	 0.15	 0.38	 0.47	 79.27	 22.56	 32.66	 1.03	 0.39	 1
     YS_0318	 152.53	 0.18	 0.56	 0.26	 83.84	 14.98	 38.37	 1.03	 0.39	 2
     YS_0318	 194.76	 0.24	 0.37	 0.39	 75.06	 19.52	 33.91	 1.03	 0.39	 3
     YS_0318	 88.08	 0.22	 0.46	 0.32	 81.31	 19.26	 34.26	 1.03	 0.39	 4
     YS_0318	 166.31	 0.32	 0.34	 0.34	 74.23	 21.35	 31.58	 1.03	 0.39	 5
     YS_0318	 10.37	 0.29	 0.33	 0.38	 83.8	 26.63	 32.38	 1.03	 0.39	 6
     YS_0318	 14.12	 0.37	 0.2	 0.43	 71.15	 34.8	 26.57	 1.03	 0.39	 7
     YuShanG	 23.44	 0.28	 0.44	 0.27	 84.25	 24.24	 38.47	 0.47	 0.19	 0
     YuShanG	 7.78	 0.26	 0.33	 0.41	 102.78	 31.19	 46.64	 0.47	 0.19	 1
     YuShanG	 80.95	 0.29	 0.45	 0.26	 87.13	 21.13	 39.51	 0.47	 0.19	 2
     YuShanG	 44.58	 0.28	 0.41	 0.3	 83.34	 13.5	 39.58	 0.47	 0.19	 3
     YuShanG	 54.16	 0.23	 0.34	 0.43	 81.16	 20.03	 36.43	 0.47	 0.19	 4
     YuShanG	 53.2	 0.37	 0.2	 0.43	 78.86	 19.92	 32.99	 0.47	 0.19	 5
     YuShanG	 11.62	 0.38	 0.21	 0.4	 78.17	 36.02	 25.85	 0.47	 0.19	 6
     YuShanG	 8.21	 0.39	 0.1	 0.51	 67.66	 34.33	 25.75	 0.47	 0.19	 7
     mt2019b	 44.33	 0.21	 0.49	 0.3	 87.35	 19.11	 39.5	 1.01	 0.34	 0
     mt2019b	 10.86	 0.18	 0.37	 0.45	 87.62	 15.23	 43.27	 1.01	 0.34	 1
     mt2019b	 144.83	 0.24	 0.45	 0.32	 84.54	 19.22	 39.0	 1.01	 0.34	 2
     mt2019b	 115.4	 0.28	 0.32	 0.41	 79.05	 20.91	 37.83	 1.01	 0.34	 3
     mt2019b	 51.26	 0.26	 0.37	 0.37	 78.79	 23.97	 37.45	 1.01	 0.34	 4
     mt2019b	 105.53	 0.37	 0.22	 0.41	 74.25	 28.29	 28.42	 1.01	 0.34	 5
     mt2019b	 8.66	 0.34	 0.18	 0.48	 94.25	 39.99	 37.41	 1.01	 0.34	 6
     mt2019b	 7.3	 0.41	 0.07	 0.53	 75.71	 39.73	 27.14	 1.01	 0.34	 7
    Apollo2D	 24.5	 0.29	 0.42	 0.29	 92.41	 28.58	 41.49	 0.28	 0.08	 0
    Apollo2D	 6.85	 0.13	 0.44	 0.43	 139.93	 56.75	 38.47	 0.28	 0.08	 1
    Apollo2D	 62.17	 0.25	 0.52	 0.23	 92.24	 19.4	 43.77	 0.28	 0.08	 2
    Apollo2D	 64.21	 0.14	 0.6	 0.25	 91.92	 12.61	 52.49	 0.28	 0.08	 3
    Apollo2D	 56.42	 0.26	 0.46	 0.27	 86.57	 17.82	 42.69	 0.28	 0.08	 4
    Apollo2D	 74.08	 0.28	 0.4	 0.32	 79.74	 17.48	 40.92	 0.28	 0.08	 5
    Apollo2D	 7.64	 0.35	 0.31	 0.34	 95.89	 24.5	 48.41	 0.28	 0.08	 6
    Apollo2D	 9.88	 0.42	 0.19	 0.39	 98.25	 64.13	 25.23	 0.28	 0.08	 7
    MT2018SS	 51.6	 0.21	 0.49	 0.3	 87.51	 19.06	 39.23	 1.06	 0.41	 0
    MT2018SS	 15.12	 0.16	 0.39	 0.45	 84.83	 16.64	 41.89	 1.06	 0.41	 1
    MT2018SS	 124.19	 0.23	 0.47	 0.3	 84.04	 19.7	 38.39	 1.06	 0.41	 2
    MT2018SS	 105.22	 0.27	 0.32	 0.4	 78.92	 21.73	 36.19	 1.06	 0.41	 3
    MT2018SS	 53.06	 0.27	 0.35	 0.38	 77.41	 27.04	 33.1	 1.06	 0.41	 4
    MT2018SS	 98.42	 0.37	 0.22	 0.41	 73.66	 28.36	 28.64	 1.06	 0.41	 5
    MT2018SS	 10.84	 0.36	 0.19	 0.45	 88.45	 44.51	 30.32	 1.06	 0.41	 6
    MT2018SS	 7.41	 0.4	 0.09	 0.5	 81.12	 45.4	 23.78	 1.06	 0.41	 7
    YS-SC433	 112.35	 0.18	 0.63	 0.19	 84.82	 16.59	 32.92	 1.39	 0.63	 0
    YS-SC433	 24.04	 0.2	 0.54	 0.26	 82.72	 17.99	 34.63	 1.39	 0.63	 1
    YS-SC433	 206.34	 0.21	 0.64	 0.16	 82.78	 16.92	 31.2	 1.39	 0.63	 2
    YS-SC433	 178.77	 0.24	 0.52	 0.23	 78.78	 17.77	 31.13	 1.39	 0.63	 3
    YS-SC433	 76.49	 0.25	 0.52	 0.23	 83.54	 18.51	 32.59	 1.39	 0.63	 4
    YS-SC433	 123.41	 0.3	 0.47	 0.23	 81.52	 18.95	 31.67	 1.39	 0.63	 5
    YS-SC433	 11.12	 0.35	 0.45	 0.2	 93.13	 35.5	 31.32	 1.39	 0.63	 6
    YS-SC433	 11.48	 0.37	 0.35	 0.28	 85.74	 45.83	 24.12	 1.39	 0.63	 7
   Apollo2D3	 39.72	 0.25	 0.36	 0.39	 91.16	 26.72	 44.07	 0.56	 0.11	 0
   Apollo2D3	 14.64	 0.16	 0.31	 0.53	 101.58	 22.0	 44.23	 0.56	 0.11	 1
   Apollo2D3	 77.0	 0.24	 0.47	 0.3	 89.34	 18.78	 44.74	 0.56	 0.11	 2
   Apollo2D3	 58.53	 0.23	 0.44	 0.33	 88.63	 14.13	 44.91	 0.56	 0.11	 3
   Apollo2D3	 63.01	 0.24	 0.36	 0.4	 82.21	 23.28	 40.07	 0.56	 0.11	 4
   Apollo2D3	 56.84	 0.31	 0.33	 0.36	 77.88	 17.25	 39.3	 0.56	 0.11	 5
   Apollo2D3	 10.74	 0.29	 0.21	 0.5	 98.56	 45.8	 34.86	 0.56	 0.11	 6
   Apollo2D3	 7.08	 0.4	 0.07	 0.53	 89.67	 50.06	 24.88	 0.56	 0.11	 7
   CSU_Yunlu	 74.06	 0.19	 0.4	 0.4	 88.53	 19.7	 45.5	 1.17	 0.32	 0
   CSU_Yunlu	 20.62	 0.19	 0.24	 0.57	 80.05	 18.66	 35.88	 1.17	 0.32	 1
   CSU_Yunlu	 134.05	 0.24	 0.48	 0.28	 85.25	 17.21	 44.38	 1.17	 0.32	 2
   CSU_Yunlu	 89.12	 0.27	 0.41	 0.32	 85.69	 15.3	 41.62	 1.17	 0.32	 3
   CSU_Yunlu	 62.1	 0.25	 0.34	 0.42	 78.07	 25.54	 34.73	 1.17	 0.32	 4
   CSU_Yunlu	 48.02	 0.34	 0.2	 0.46	 66.78	 25.34	 28.92	 1.17	 0.32	 5
   CSU_Yunlu	 6.39	 0.34	 0.26	 0.4	 92.32	 51.24	 25.81	 1.17	 0.32	 6
   CSU_Yunlu	 8.58	 0.34	 0.05	 0.6	 85.64	 63.89	 17.94	 1.17	 0.32	 7
   CYRUS2018	 68.23	 0.23	 0.43	 0.35	 84.71	 26.23	 35.15	 1.38	 0.51	 0
   CYRUS2018	 15.79	 0.25	 0.22	 0.53	 74.06	 43.1	 25.89	 1.38	 0.51	 1
   CYRUS2018	 151.06	 0.25	 0.4	 0.34	 79.95	 27.27	 32.24	 1.38	 0.51	 2
   CYRUS2018	 109.76	 0.28	 0.33	 0.4	 78.34	 30.11	 29.73	 1.38	 0.51	 3
   CYRUS2018	 47.07	 0.3	 0.28	 0.42	 74.39	 34.12	 28.08	 1.38	 0.51	 4
   CYRUS2018	 63.22	 0.38	 0.17	 0.45	 68.91	 37.79	 22.97	 1.38	 0.51	 5
   CYRUS2018	 7.44	 0.34	 0.12	 0.54	 110.73	 45.14	 36.3	 1.38	 0.51	 6
   CYRUS2018	 5.6	 0.32	 0.06	 0.62	 105.36	 81.82	 17.81	 1.38	 0.51	 7
   CYRUS2019	 103.0	 0.17	 0.5	 0.33	 91.71	 10.08	 52.02	 0.33	 0.11	 0
   CYRUS2019	 21.0	 0.24	 0.27	 0.49	 87.18	 24.61	 49.23	 0.33	 0.11	 1
   CYRUS2019	 138.33	 0.26	 0.45	 0.29	 78.55	 22.56	 40.58	 0.33	 0.11	 2
   CYRUS2019	 366.34	 0.21	 0.48	 0.31	 86.9	 16.3	 45.52	 0.33	 0.11	 3
   CYRUS2019	 23.33	 0.27	 0.43	 0.3	 71.79	 27.34	 31.55	 0.33	 0.11	 4
   CYRUS2019	 63.01	 0.39	 0.23	 0.38	 71.28	 30.87	 27.61	 0.33	 0.11	 5
   CYRUS2019	 0.0	 0.0	 0.0	 0.0	 100.0	 50.0	 0.0	 0.33	 0.11	 6
   CYRUS2019	 5.5	 0.36	 0.27	 0.36	 46.66	 43.34	 20.0	 0.33	 0.11	 7
   Luna2D_19	 15.1	 0.29	 0.62	 0.09	 96.63	 20.34	 50.61	 0.32	 0.06	 0
   Luna2D_19	 5.17	 0.16	 0.56	 0.27	 127.28	 0.34	 67.02	 0.32	 0.06	 1
   Luna2D_19	 178.92	 0.26	 0.57	 0.18	 86.16	 17.89	 46.89	 0.32	 0.06	 2
   Luna2D_19	 80.41	 0.31	 0.38	 0.32	 79.73	 19.08	 42.83	 0.32	 0.06	 3
   Luna2D_19	 67.17	 0.26	 0.45	 0.29	 81.97	 21.48	 41.74	 0.32	 0.06	 4
   Luna2D_19	 63.05	 0.42	 0.25	 0.33	 74.04	 23.55	 33.61	 0.32	 0.06	 5
   Luna2D_19	 8.67	 0.35	 0.22	 0.43	 87.81	 32.66	 36.52	 0.32	 0.06	 6
   Luna2D_19	 14.99	 0.35	 0.12	 0.53	 78.09	 46.44	 23.52	 0.32	 0.06	 7
   MT2018SJB	 55.35	 0.21	 0.5	 0.29	 87.94	 19.15	 39.63	 1.14	 0.35	 0
   MT2018SJB	 14.89	 0.17	 0.38	 0.44	 84.59	 17.31	 40.56	 1.14	 0.35	 1
   MT2018SJB	 139.43	 0.23	 0.45	 0.31	 84.44	 19.59	 37.89	 1.14	 0.35	 2
   MT2018SJB	 113.8	 0.28	 0.31	 0.41	 78.46	 22.41	 34.61	 1.14	 0.35	 3
   MT2018SJB	 58.89	 0.28	 0.34	 0.38	 78.85	 25.83	 34.31	 1.14	 0.35	 4
   MT2018SJB	 107.16	 0.38	 0.21	 0.41	 73.03	 28.56	 28.22	 1.14	 0.35	 5
   MT2018SJB	 9.04	 0.35	 0.18	 0.48	 89.11	 41.24	 30.57	 1.14	 0.35	 6
   MT2018SJB	 6.41	 0.4	 0.07	 0.53	 84.53	 49.87	 23.84	 1.14	 0.35	 7
   YS4331222	 63.69	 0.12	 0.61	 0.27	 90.74	 16.44	 36.59	 0.65	 0.2	 0
   YS4331222	 18.3	 0.16	 0.43	 0.41	 82.44	 19.62	 33.32	 0.65	 0.2	 1
   YS4331222	 123.2	 0.23	 0.49	 0.28	 79.38	 22.26	 34.68	 0.65	 0.2	 2
   YS4331222	 61.6	 0.27	 0.29	 0.44	 70.0	 31.96	 26.97	 0.65	 0.2	 3
   YS4331222	 144.59	 0.32	 0.26	 0.41	 70.11	 36.57	 24.58	 0.65	 0.2	 4
   YS4331222	 262.9	 0.46	 0.13	 0.41	 64.09	 41.23	 19.97	 0.65	 0.2	 5
   YS4331222	 10.9	 0.33	 0.22	 0.45	 75.85	 43.07	 29.93	 0.65	 0.2	 6
   YS4331222	 10.48	 0.38	 0.15	 0.48	 78.65	 58.22	 15.49	 0.65	 0.2	 7
   YuShan442	 67.51	 0.16	 0.55	 0.29	 88.63	 20.85	 37.28	 1.27	 0.3	 0
   YuShan442	 23.7	 0.15	 0.4	 0.45	 82.68	 17.14	 38.98	 1.27	 0.3	 1
   YuShan442	 136.21	 0.17	 0.61	 0.22	 85.17	 17.49	 37.65	 1.27	 0.3	 2
   YuShan442	 169.72	 0.21	 0.45	 0.34	 78.09	 17.08	 37.53	 1.27	 0.3	 3
   YuShan442	 72.28	 0.23	 0.49	 0.28	 81.69	 21.23	 33.65	 1.27	 0.3	 4
   YuShan442	 135.06	 0.32	 0.36	 0.31	 73.18	 22.11	 30.59	 1.27	 0.3	 5
   YuShan442	 10.52	 0.34	 0.27	 0.39	 83.09	 30.95	 32.76	 1.27	 0.3	 6
   YuShan442	 15.3	 0.34	 0.22	 0.45	 73.65	 36.05	 25.85	 1.27	 0.3	 7
   YuShan_DB	 10.34	 0.05	 0.64	 0.31	 108.22	 35.78	 48.08	 0.13	 0.15	 0
   YuShan_DB	 5.34	 0.04	 0.46	 0.49	 110.02	 5.74	 60.04	 0.13	 0.15	 1
   YuShan_DB	 44.81	 0.14	 0.51	 0.35	 94.25	 17.07	 44.79	 0.13	 0.15	 2
   YuShan_DB	 65.23	 0.23	 0.4	 0.37	 85.45	 15.23	 40.41	 0.13	 0.15	 3
   YuShan_DB	 57.95	 0.26	 0.27	 0.47	 81.8	 22.46	 33.66	 0.13	 0.15	 4
   YuShan_DB	 87.46	 0.31	 0.24	 0.45	 77.17	 20.88	 31.61	 0.13	 0.15	 5
   YuShan_DB	 12.49	 0.24	 0.11	 0.65	 81.19	 34.15	 31.89	 0.13	 0.15	 6
   YuShan_DB	 13.68	 0.36	 0.08	 0.55	 80.31	 43.77	 24.52	 0.13	 0.15	 7
   YuShan_GL	 34.54	 0.25	 0.42	 0.33	 81.25	 23.4	 33.12	 1.49	 0.5	 0
   YuShan_GL	 7.38	 0.13	 0.12	 0.75	 123.42	 62.93	 67.5	 1.49	 0.5	 1
   YuShan_GL	 113.95	 0.25	 0.46	 0.29	 81.62	 17.92	 30.44	 1.49	 0.5	 2
   YuShan_GL	 71.23	 0.32	 0.29	 0.4	 73.58	 33.03	 28.11	 1.49	 0.5	 3
   YuShan_GL	 42.08	 0.31	 0.32	 0.38	 71.74	 40.23	 23.16	 1.49	 0.5	 4
   YuShan_GL	 49.84	 0.38	 0.22	 0.4	 67.11	 40.61	 21.2	 1.49	 0.5	 5
   YuShan_GL	 9.85	 0.32	 0.29	 0.4	 80.36	 39.58	 34.89	 1.49	 0.5	 6
   YuShan_GL	 5.8	 0.33	 0.29	 0.38	 77.25	 25.46	 38.49	 1.49	 0.5	 7
   YuShan_NB	 57.45	 0.18	 0.57	 0.26	 86.68	 17.25	 32.89	 1.51	 0.33	 0
   YuShan_NB	 29.05	 0.14	 0.42	 0.44	 79.82	 19.7	 33.84	 1.51	 0.33	 1
   YuShan_NB	 177.61	 0.16	 0.62	 0.22	 78.2	 19.33	 32.1	 1.51	 0.33	 2
   YuShan_NB	 90.29	 0.2	 0.41	 0.39	 76.81	 21.05	 31.76	 1.51	 0.33	 3
   YuShan_NB	 97.68	 0.24	 0.43	 0.33	 77.05	 25.35	 28.72	 1.51	 0.33	 4
   YuShan_NB	 127.2	 0.34	 0.29	 0.37	 71.73	 27.48	 26.43	 1.51	 0.33	 5
   YuShan_NB	 14.37	 0.29	 0.29	 0.42	 81.45	 26.18	 41.19	 1.51	 0.33	 6
   YuShan_NB	 19.77	 0.31	 0.23	 0.46	 76.42	 50.26	 19.13	 1.51	 0.33	 7
  FRA-UNIted	 36.66	 0.3	 0.24	 0.45	 76.19	 20.32	 38.37	 1.05	 0.62	 0
  FRA-UNIted	 9.82	 0.32	 0.16	 0.52	 74.39	 27.49	 37.13	 1.05	 0.62	 1
  FRA-UNIted	 64.09	 0.25	 0.28	 0.47	 69.66	 19.25	 36.08	 1.05	 0.62	 2
  FRA-UNIted	 75.1	 0.25	 0.25	 0.5	 64.76	 19.41	 34.74	 1.05	 0.62	 3
  FRA-UNIted	 29.28	 0.28	 0.27	 0.46	 73.67	 18.95	 34.67	 1.05	 0.62	 4
  FRA-UNIted	 26.13	 0.28	 0.27	 0.45	 67.24	 18.51	 35.04	 1.05	 0.62	 5
  FRA-UNIted	 5.86	 0.28	 0.22	 0.5	 108.06	 36.66	 50.95	 1.05	 0.62	 6
  FRA-UNIted	 3.6	 0.29	 0.15	 0.56	 130.82	 43.02	 45.1	 1.05	 0.62	 7
  HELIOS2018	 40.14	 0.25	 0.45	 0.3	 84.73	 22.2	 38.77	 2.43	 0.78	 0
  HELIOS2018	 22.46	 0.24	 0.28	 0.48	 76.59	 22.46	 32.74	 2.43	 0.78	 1
  HELIOS2018	 127.54	 0.27	 0.42	 0.31	 79.1	 23.42	 31.3	 2.43	 0.78	 2
  HELIOS2018	 84.7	 0.33	 0.25	 0.42	 70.44	 29.38	 25.44	 2.43	 0.78	 3
  HELIOS2018	 64.48	 0.27	 0.36	 0.37	 74.54	 27.6	 26.97	 2.43	 0.78	 4
  HELIOS2018	 82.65	 0.41	 0.19	 0.39	 68.62	 35.28	 19.56	 2.43	 0.78	 5
  HELIOS2018	 7.09	 0.34	 0.24	 0.42	 94.97	 39.93	 35.01	 2.43	 0.78	 6
  HELIOS2018	 6.53	 0.4	 0.12	 0.48	 80.99	 45.41	 23.69	 2.43	 0.78	 7
  HELIOS2019	 30.0	 0.19	 0.64	 0.17	 85.27	 30.26	 41.07	 0.33	 0.44	 0
  HELIOS2019	 10.67	 0.22	 0.44	 0.34	 67.31	 27.56	 28.53	 0.33	 0.44	 1
  HELIOS2019	 140.67	 0.23	 0.46	 0.31	 74.72	 21.84	 34.87	 0.33	 0.44	 2
  HELIOS2019	 217.34	 0.3	 0.33	 0.36	 73.59	 29.79	 23.51	 0.33	 0.44	 3
  HELIOS2019	 39.33	 0.29	 0.35	 0.36	 73.38	 31.93	 22.29	 0.33	 0.44	 4
  HELIOS2019	 52.66	 0.4	 0.25	 0.35	 64.55	 32.24	 22.5	 0.33	 0.44	 5
  HELIOS2019	 11.5	 0.52	 0.09	 0.39	 72.22	 44.45	 16.66	 0.33	 0.44	 6
  HELIOS2019	 6.0	 0.28	 0.22	 0.5	 86.67	 10.0	 46.67	 0.33	 0.44	 7
  Hfut2018GS	 29.48	 0.26	 0.52	 0.22	 94.74	 22.06	 47.11	 1.35	 0.46	 0
  Hfut2018GS	 12.47	 0.2	 0.3	 0.5	 88.79	 16.65	 47.34	 1.35	 0.46	 1
  Hfut2018GS	 55.67	 0.28	 0.48	 0.24	 87.53	 19.3	 43.38	 1.35	 0.46	 2
  Hfut2018GS	 126.26	 0.3	 0.43	 0.28	 82.89	 16.13	 43.47	 1.35	 0.46	 3
  Hfut2018GS	 34.96	 0.35	 0.33	 0.32	 80.99	 23.63	 35.61	 1.35	 0.46	 4
  Hfut2018GS	 78.7	 0.39	 0.31	 0.3	 73.53	 22.33	 33.52	 1.35	 0.46	 5
  Hfut2018GS	 13.06	 0.37	 0.22	 0.42	 84.98	 26.36	 36.89	 1.35	 0.46	 6
  Hfut2018GS	 9.98	 0.42	 0.13	 0.45	 76.07	 38.04	 25.15	 1.35	 0.46	 7
  Miracle_2D	 22.51	 0.34	 0.49	 0.17	 93.5	 21.48	 40.11	 0.39	 0.04	 0
  Miracle_2D	 8.53	 0.28	 0.35	 0.37	 98.11	 28.49	 40.23	 0.39	 0.04	 1
  Miracle_2D	 110.67	 0.25	 0.41	 0.33	 85.09	 22.77	 38.28	 0.39	 0.04	 2
  Miracle_2D	 37.69	 0.3	 0.34	 0.36	 83.6	 20.82	 37.53	 0.39	 0.04	 3
  Miracle_2D	 57.9	 0.34	 0.3	 0.36	 79.57	 25.38	 32.38	 0.39	 0.04	 4
  Miracle_2D	 79.93	 0.37	 0.26	 0.37	 81.11	 22.74	 30.27	 0.39	 0.04	 5
  Miracle_2D	 16.61	 0.28	 0.15	 0.57	 86.75	 36.04	 31.13	 0.39	 0.04	 6
  Miracle_2D	 9.68	 0.34	 0.02	 0.63	 89.15	 60.6	 18.18	 0.39	 0.04	 7
  YS433_1217	 44.78	 0.15	 0.61	 0.24	 87.79	 22.05	 24.86	 0.33	 0.15	 0
  YS433_1217	 10.22	 0.17	 0.42	 0.4	 51.66	 16.3	 19.06	 0.33	 0.15	 1
  YS433_1217	 117.01	 0.24	 0.41	 0.35	 73.96	 19.2	 44.64	 0.33	 0.15	 2
  YS433_1217	 87.44	 0.25	 0.25	 0.5	 71.59	 40.93	 28.58	 0.33	 0.15	 3
  YS433_1217	 86.22	 0.26	 0.36	 0.37	 75.09	 29.74	 31.91	 0.33	 0.15	 4
  YS433_1217	 145.67	 0.31	 0.25	 0.44	 69.71	 32.82	 25.07	 0.33	 0.15	 5
  YS433_1217	 7.05	 0.31	 0.26	 0.43	 48.68	 21.71	 15.32	 0.33	 0.15	 6
  YS433_1217	 4.89	 0.43	 0.16	 0.41	 56.42	 47.41	 12.47	 0.33	 0.15	 7
  YS433_1218	 41.26	 0.15	 0.5	 0.35	 85.77	 19.99	 35.55	 1.21	 0.28	 0
  YS433_1218	 16.64	 0.25	 0.27	 0.48	 84.61	 27.74	 31.97	 1.21	 0.28	 1
  YS433_1218	 96.75	 0.24	 0.43	 0.33	 77.45	 21.48	 30.59	 1.21	 0.28	 2
  YS433_1218	 59.98	 0.29	 0.27	 0.44	 73.5	 26.75	 25.72	 1.21	 0.28	 3
  YS433_1218	 108.64	 0.3	 0.32	 0.38	 72.55	 30.65	 22.91	 1.21	 0.28	 4
  YS433_1218	 229.32	 0.37	 0.21	 0.41	 69.29	 32.02	 22.06	 1.21	 0.28	 5
  YS433_1218	 10.79	 0.35	 0.19	 0.45	 86.91	 43.47	 29.21	 1.21	 0.28	 6
  YS433_1218	 10.45	 0.41	 0.13	 0.46	 78.72	 56.29	 14.31	 1.21	 0.28	 7
  YS433_1219	 36.26	 0.15	 0.55	 0.3	 88.06	 15.43	 37.31	 0.66	 0.17	 0
  YS433_1219	 13.54	 0.22	 0.36	 0.43	 83.38	 27.47	 33.75	 0.66	 0.17	 1
  YS433_1219	 101.47	 0.23	 0.44	 0.33	 77.84	 22.66	 34.01	 0.66	 0.17	 2
  YS433_1219	 53.39	 0.28	 0.26	 0.46	 74.69	 26.62	 27.62	 0.66	 0.17	 3
  YS433_1219	 128.24	 0.27	 0.26	 0.47	 70.97	 31.6	 24.61	 0.66	 0.17	 4
  YS433_1219	 243.63	 0.43	 0.15	 0.43	 69.11	 33.21	 21.94	 0.66	 0.17	 5
  YS433_1219	 12.1	 0.36	 0.2	 0.44	 75.4	 37.69	 26.44	 0.66	 0.17	 6
  YS433_1219	 12.89	 0.37	 0.15	 0.48	 78.27	 52.53	 16.95	 0.66	 0.17	 7
  YS433_1220	 45.9	 0.15	 0.57	 0.29	 89.93	 13.3	 38.92	 0.91	 0.15	 0
  YS433_1220	 15.32	 0.23	 0.31	 0.46	 80.92	 22.01	 36.8	 0.91	 0.15	 1
  YS433_1220	 147.12	 0.23	 0.48	 0.29	 80.23	 20.41	 33.86	 0.91	 0.15	 2
  YS433_1220	 67.14	 0.3	 0.26	 0.45	 71.68	 27.79	 27.74	 0.91	 0.15	 3
  YS433_1220	 135.56	 0.31	 0.29	 0.39	 72.61	 31.98	 25.88	 0.91	 0.15	 4
  YS433_1220	 232.79	 0.4	 0.18	 0.42	 68.48	 34.06	 21.84	 0.91	 0.15	 5
  YS433_1220	 10.44	 0.39	 0.18	 0.43	 73.45	 41.42	 25.64	 0.91	 0.15	 6
  YS433_1220	 11.03	 0.4	 0.13	 0.47	 79.24	 54.76	 18.09	 0.91	 0.15	 7
  YuShan2017	 12.0	 0.08	 0.78	 0.14	 59.52	 46.83	 21.43	 0.0	 0.0	 0
  YuShan2017	 7.01	 0.1	 0.52	 0.38	 82.22	 15.56	 48.89	 0.0	 0.0	 1
  YuShan2017	 27.67	 0.17	 0.71	 0.12	 82.5	 10.55	 41.11	 0.0	 0.0	 2
  YuShan2017	 200.67	 0.21	 0.54	 0.25	 88.68	 10.15	 50.92	 0.0	 0.0	 3
  YuShan2017	 13.33	 0.43	 0.4	 0.17	 82.58	 12.77	 36.91	 0.0	 0.0	 4
  YuShan2017	 47.66	 0.45	 0.23	 0.32	 60.28	 20.53	 27.24	 0.0	 0.0	 5
  YuShan2017	 8.33	 0.36	 0.28	 0.36	 80.16	 24.6	 34.92	 0.0	 0.0	 6
  YuShan2017	 7.34	 0.54	 0.09	 0.36	 78.57	 40.12	 35.95	 0.0	 0.0	 7
  YuShan2018	 92.38	 0.19	 0.53	 0.28	 83.37	 18.06	 36.12	 1.46	 0.57	 0
  YuShan2018	 24.58	 0.19	 0.38	 0.42	 77.05	 17.92	 33.39	 1.46	 0.57	 1
  YuShan2018	 181.01	 0.21	 0.55	 0.25	 80.65	 18.48	 32.77	 1.46	 0.57	 2
  YuShan2018	 136.53	 0.25	 0.39	 0.35	 75.15	 21.32	 30.83	 1.46	 0.57	 3
  YuShan2018	 75.15	 0.26	 0.39	 0.35	 79.77	 22.23	 32.78	 1.46	 0.57	 4
  YuShan2018	 100.67	 0.32	 0.32	 0.36	 74.75	 23.19	 30.12	 1.46	 0.57	 5
  YuShan2018	 11.38	 0.28	 0.28	 0.44	 82.78	 31.68	 33.69	 1.46	 0.57	 6
  YuShan2018	 11.28	 0.31	 0.25	 0.44	 79.6	 47.26	 20.85	 1.46	 0.57	 7
  YuShan2019	 71.21	 0.18	 0.5	 0.32	 85.23	 18.16	 37.92	 1.46	 0.52	 0
  YuShan2019	 19.72	 0.18	 0.33	 0.49	 82.31	 18.07	 36.0	 1.46	 0.52	 1
  YuShan2019	 170.46	 0.19	 0.52	 0.29	 81.91	 17.48	 35.84	 1.46	 0.52	 2
  YuShan2019	 131.75	 0.25	 0.34	 0.41	 78.02	 19.8	 34.0	 1.46	 0.52	 3
  YuShan2019	 83.44	 0.24	 0.38	 0.38	 79.52	 23.92	 32.92	 1.46	 0.52	 4
  YuShan2019	 107.32	 0.31	 0.32	 0.37	 78.35	 24.23	 31.42	 1.46	 0.52	 5
  YuShan2019	 10.01	 0.31	 0.23	 0.45	 80.43	 32.73	 31.04	 1.46	 0.52	 6
  YuShan2019	 10.64	 0.33	 0.17	 0.49	 83.51	 53.27	 17.92	 1.46	 0.52	 7
  YuShan2020	 47.12	 0.21	 0.68	 0.11	 85.14	 16.76	 36.9	 1.06	 0.35	 0
  YuShan2020	 7.85	 0.31	 0.61	 0.09	 73.63	 24.3	 41.06	 1.06	 0.35	 1
  YuShan2020	 154.6	 0.25	 0.63	 0.12	 84.52	 18.03	 32.85	 1.06	 0.35	 2
  YuShan2020	 104.84	 0.27	 0.53	 0.2	 82.39	 20.8	 32.77	 1.06	 0.35	 3
  YuShan2020	 49.25	 0.31	 0.61	 0.08	 79.83	 25.95	 28.33	 1.06	 0.35	 4
  YuShan2020	 68.88	 0.37	 0.53	 0.1	 80.46	 22.61	 26.85	 1.06	 0.35	 5
  YuShan2020	 9.28	 0.52	 0.35	 0.13	 77.52	 42.86	 27.29	 1.06	 0.35	 6
  YuShan2020	 13.66	 0.39	 0.47	 0.14	 75.55	 24.51	 28.04	 1.06	 0.35	 7
  YuShan_NBV	 109.63	 0.07	 0.76	 0.17	 84.29	 13.62	 44.24	 2.16	 0.53	 0
  YuShan_NBV	 49.27	 0.11	 0.43	 0.46	 82.65	 14.84	 34.43	 2.16	 0.53	 1
  YuShan_NBV	 247.54	 0.1	 0.73	 0.17	 83.64	 13.32	 42.58	 2.16	 0.53	 2
  YuShan_NBV	 100.6	 0.21	 0.43	 0.37	 81.72	 17.45	 36.09	 2.16	 0.53	 3
  YuShan_NBV	 74.49	 0.16	 0.55	 0.28	 78.56	 16.14	 39.96	 2.16	 0.53	 4
  YuShan_NBV	 83.23	 0.31	 0.32	 0.38	 73.62	 21.59	 32.11	 2.16	 0.53	 5
  YuShan_NBV	 9.72	 0.34	 0.17	 0.49	 77.28	 34.1	 31.6	 2.16	 0.53	 6
  YuShan_NBV	 18.41	 0.34	 0.18	 0.48	 75.2	 44.95	 23.37	 2.16	 0.53	 7
  YuShan_gld	 29.95	 0.21	 0.57	 0.23	 92.31	 19.86	 45.55	 1.15	 0.38	 0
  YuShan_gld	 11.72	 0.19	 0.35	 0.46	 88.2	 15.95	 44.6	 1.15	 0.38	 1
  YuShan_gld	 120.3	 0.23	 0.52	 0.25	 86.86	 18.04	 45.23	 1.15	 0.38	 2
  YuShan_gld	 57.53	 0.25	 0.35	 0.4	 85.84	 19.84	 39.24	 1.15	 0.38	 3
  YuShan_gld	 94.07	 0.19	 0.51	 0.3	 82.6	 20.22	 40.27	 1.15	 0.38	 4
  YuShan_gld	 57.93	 0.3	 0.3	 0.41	 76.05	 21.03	 34.37	 1.15	 0.38	 5
  YuShan_gld	 12.75	 0.41	 0.12	 0.47	 84.41	 35.89	 26.39	 1.15	 0.38	 6
  YuShan_gld	 12.03	 0.39	 0.14	 0.46	 79.7	 47.51	 20.9	 1.15	 0.38	 7
 Miracle2d_1	 20.96	 0.32	 0.32	 0.36	 99.22	 27.26	 41.22	 0.45	 0.32	 0
 Miracle2d_1	 7.51	 0.24	 0.33	 0.44	 95.63	 10.0	 48.47	 0.45	 0.32	 1
 Miracle2d_1	 93.55	 0.32	 0.29	 0.4	 80.79	 23.07	 34.13	 0.45	 0.32	 2
 Miracle2d_1	 78.96	 0.41	 0.16	 0.43	 74.45	 26.39	 27.28	 0.45	 0.32	 3
 Miracle2d_1	 57.13	 0.28	 0.23	 0.49	 76.58	 27.85	 29.61	 0.45	 0.32	 4
 Miracle2d_1	 52.68	 0.38	 0.14	 0.49	 77.78	 27.05	 28.74	 0.45	 0.32	 5
 Miracle2d_1	 16.25	 0.29	 0.18	 0.53	 93.81	 40.83	 30.8	 0.45	 0.32	 6
 Miracle2d_1	 10.52	 0.27	 0.01	 0.72	 102.42	 72.19	 25.36	 0.45	 0.32	 7
 Newforces2d	 28.22	 0.31	 0.41	 0.28	 91.19	 21.78	 42.06	 0.27	 0.07	 0
 Newforces2d	 4.41	 0.32	 0.2	 0.49	 89.66	 24.89	 35.31	 0.27	 0.07	 1
 Newforces2d	 112.43	 0.35	 0.32	 0.33	 76.89	 20.99	 33.16	 0.27	 0.07	 2
 Newforces2d	 77.56	 0.45	 0.16	 0.39	 74.2	 23.28	 28.64	 0.27	 0.07	 3
 Newforces2d	 55.86	 0.38	 0.22	 0.4	 69.99	 24.16	 27.3	 0.27	 0.07	 4
 Newforces2d	 95.82	 0.47	 0.1	 0.44	 68.39	 24.46	 25.18	 0.27	 0.07	 5
 Newforces2d	 8.93	 0.34	 0.1	 0.56	 87.78	 39.25	 31.2	 0.27	 0.07	 6
 Newforces2d	 10.03	 0.36	 0.07	 0.57	 73.6	 31.99	 29.81	 0.27	 0.07	 7
 YS4231_1217	 53.25	 0.18	 0.57	 0.26	 85.91	 10.35	 36.04	 0.75	 0.22	 0
 YS4231_1217	 19.08	 0.17	 0.3	 0.53	 71.3	 28.7	 18.26	 0.75	 0.22	 1
 YS4231_1217	 251.98	 0.21	 0.46	 0.33	 77.1	 21.73	 28.92	 0.75	 0.22	 2
 YS4231_1217	 200.16	 0.25	 0.3	 0.45	 71.91	 22.5	 29.47	 0.75	 0.22	 3
 YS4231_1217	 105.84	 0.22	 0.34	 0.44	 78.48	 30.13	 24.05	 0.75	 0.22	 4
 YS4231_1217	 121.34	 0.33	 0.21	 0.46	 69.67	 34.78	 25.01	 0.75	 0.22	 5
 YS4231_1217	 9.25	 0.35	 0.24	 0.41	 68.49	 32.89	 21.64	 0.75	 0.22	 6
 YS4231_1217	 2.25	 0.67	 0.11	 0.22	 93.75	 80.63	 6.25	 0.75	 0.22	 7
 YuShan-0620	 37.58	 0.22	 0.48	 0.3	 83.19	 19.74	 32.24	 1.58	 0.49	 0
 YuShan-0620	 23.71	 0.17	 0.38	 0.45	 79.65	 15.38	 35.97	 1.58	 0.49	 1
 YuShan-0620	 161.44	 0.2	 0.52	 0.28	 82.29	 17.13	 31.85	 1.58	 0.49	 2
 YuShan-0620	 272.1	 0.25	 0.35	 0.39	 72.77	 20.91	 30.42	 1.58	 0.49	 3
 YuShan-0620	 63.5	 0.28	 0.32	 0.4	 79.0	 25.86	 28.98	 1.58	 0.49	 4
 YuShan-0620	 111.95	 0.35	 0.26	 0.4	 71.33	 24.66	 27.78	 1.58	 0.49	 5
 YuShan-0620	 11.64	 0.28	 0.21	 0.5	 84.11	 32.66	 32.39	 1.58	 0.49	 6
 YuShan-0620	 14.94	 0.29	 0.21	 0.51	 72.89	 40.34	 25.94	 1.58	 0.49	 7
 YuShan_4231	 55.68	 0.19	 0.51	 0.3	 86.22	 13.95	 41.3	 3.58	 0.74	 0
 YuShan_4231	 28.52	 0.19	 0.29	 0.52	 79.41	 22.89	 34.09	 3.58	 0.74	 1
 YuShan_4231	 192.54	 0.17	 0.57	 0.27	 84.47	 15.07	 34.94	 3.58	 0.74	 2
 YuShan_4231	 155.85	 0.23	 0.33	 0.44	 77.54	 18.72	 31.3	 3.58	 0.74	 3
 YuShan_4231	 79.83	 0.21	 0.45	 0.35	 80.14	 17.44	 38.31	 3.58	 0.74	 4
 YuShan_4231	 96.37	 0.33	 0.28	 0.39	 70.55	 24.09	 30.0	 3.58	 0.74	 5
 YuShan_4231	 11.36	 0.34	 0.26	 0.4	 76.45	 22.65	 36.7	 3.58	 0.74	 6
 YuShan_4231	 10.02	 0.4	 0.14	 0.46	 76.42	 46.45	 15.53	 3.58	 0.74	 7
Agent2D_Base	 65.27	 0.04	 0.77	 0.2	 96.56	 6.65	 55.97	 1.94	 0.4	 0
Agent2D_Base	 43.41	 0.08	 0.42	 0.5	 93.31	 12.02	 49.2	 1.94	 0.4	 1
Agent2D_Base	 151.64	 0.05	 0.84	 0.11	 96.11	 6.27	 57.25	 1.94	 0.4	 2
Agent2D_Base	 70.0	 0.14	 0.53	 0.33	 93.21	 13.09	 46.88	 1.94	 0.4	 3
Agent2D_Base	 51.52	 0.11	 0.72	 0.17	 83.25	 10.79	 48.83	 1.94	 0.4	 4
Agent2D_Base	 49.87	 0.32	 0.33	 0.35	 72.38	 17.38	 37.36	 1.94	 0.4	 5
Agent2D_Base	 7.87	 0.42	 0.15	 0.43	 85.06	 41.75	 28.69	 1.94	 0.4	 6
Agent2D_Base	 15.39	 0.36	 0.13	 0.51	 73.45	 44.49	 22.28	 1.94	 0.4	 7
CSU_Yunlu_2020	 2.0	 1.0	 0.0	 0.0	 200.0	 0.0	 200.0	 0.0	 0.0	 0
CSU_Yunlu_2020	 3.0	 0.33	 0.67	 0.0	 66.67	 0.0	 0.0	 0.0	 0.0	 1
CSU_Yunlu_2020	 140.0	 0.22	 0.78	 0.0	 83.57	 15.71	 32.14	 0.0	 0.0	 2
CSU_Yunlu_2020	 37.0	 0.38	 0.62	 0.0	 94.59	 16.22	 32.43	 0.0	 0.0	 3
CSU_Yunlu_2020	 29.0	 0.21	 0.79	 0.0	 93.1	 24.14	 27.59	 0.0	 0.0	 4
CSU_Yunlu_2020	 51.0	 0.37	 0.63	 0.0	 88.24	 17.65	 15.69	 0.0	 0.0	 5
CSU_Yunlu_2020	 11.0	 0.36	 0.64	 0.0	 100.0	 18.18	 45.45	 0.0	 0.0	 6
CSU_Yunlu_2020	 30.0	 0.17	 0.83	 0.0	 63.33	 33.33	 20.0	 0.0	 0.0	 7
Fractals2019	 8.33	 0.2	 0.52	 0.28	 84.13	 15.28	 42.66	 0.0	 0.11	 0
Fractals2019	 2.33	 0.14	 0.57	 0.29	 70.0	 0.0	 53.33	 0.0	 0.11	 1
Fractals2019	 47.67	 0.29	 0.5	 0.21	 77.01	 17.6	 38.19	 0.0	 0.11	 2
Fractals2019	 157.01	 0.28	 0.51	 0.2	 82.64	 20.31	 35.81	 0.0	 0.11	 3
Fractals2019	 29.34	 0.23	 0.5	 0.27	 85.19	 20.16	 38.3	 0.0	 0.11	 4
Fractals2019	 23.34	 0.37	 0.24	 0.39	 83.1	 15.63	 41.08	 0.0	 0.11	 5
Fractals2019	 7.66	 0.3	 0.13	 0.57	 86.67	 30.0	 61.67	 0.0	 0.11	 6
Fractals2019	 3.5	 0.29	 0.29	 0.43	 87.5	 62.5	 12.5	 0.0	 0.11	 7
HfutEngine2017	 32.77	 0.27	 0.52	 0.22	 92.75	 21.42	 45.41	 1.12	 0.33	 0
HfutEngine2017	 13.96	 0.19	 0.31	 0.5	 91.02	 17.88	 45.75	 1.12	 0.33	 1
HfutEngine2017	 52.36	 0.26	 0.48	 0.26	 86.86	 19.31	 42.15	 1.12	 0.33	 2
HfutEngine2017	 120.2	 0.3	 0.41	 0.29	 82.1	 15.77	 42.62	 1.12	 0.33	 3
HfutEngine2017	 28.74	 0.35	 0.31	 0.34	 80.66	 23.66	 34.18	 1.12	 0.33	 4
HfutEngine2017	 82.0	 0.39	 0.3	 0.31	 72.75	 21.09	 32.93	 1.12	 0.33	 5
HfutEngine2017	 10.97	 0.36	 0.2	 0.44	 89.7	 24.0	 40.81	 1.12	 0.33	 6
HfutEngine2017	 11.71	 0.38	 0.13	 0.49	 75.4	 33.65	 27.09	 1.12	 0.33	 7
HfutEngine2019	 41.33	 0.27	 0.48	 0.25	 92.0	 20.13	 45.24	 1.03	 0.32	 0
HfutEngine2019	 12.22	 0.24	 0.22	 0.54	 80.49	 24.1	 32.5	 1.03	 0.32	 1
HfutEngine2019	 95.94	 0.3	 0.45	 0.25	 83.64	 17.3	 43.53	 1.03	 0.32	 2
HfutEngine2019	 54.16	 0.33	 0.28	 0.39	 78.82	 19.74	 35.28	 1.03	 0.32	 3
HfutEngine2019	 55.36	 0.31	 0.37	 0.33	 77.29	 20.53	 36.59	 1.03	 0.32	 4
HfutEngine2019	 59.12	 0.38	 0.19	 0.43	 71.31	 23.59	 29.04	 1.03	 0.32	 5
HfutEngine2019	 11.14	 0.32	 0.15	 0.53	 93.68	 28.54	 39.57	 1.03	 0.32	 6
HfutEngine2019	 10.05	 0.36	 0.09	 0.55	 78.82	 37.7	 27.0	 1.03	 0.32	 7
HfutEngine2020	 11.0	 0.36	 0.64	 0.0	 90.91	 27.27	 45.45	 2.0	 1.0	 0
HfutEngine2020	 6.0	 0.17	 0.83	 0.0	 83.33	 16.67	 33.33	 2.0	 1.0	 1
HfutEngine2020	 96.0	 0.28	 0.72	 0.0	 92.71	 27.08	 37.5	 2.0	 1.0	 2
HfutEngine2020	 142.0	 0.3	 0.7	 0.0	 92.96	 18.31	 38.03	 2.0	 1.0	 3
HfutEngine2020	 44.0	 0.43	 0.57	 0.0	 88.64	 20.45	 40.91	 2.0	 1.0	 4
HfutEngine2020	 110.0	 0.35	 0.65	 0.0	 86.36	 12.73	 40.91	 2.0	 1.0	 5
HfutEngine2020	 8.0	 0.25	 0.75	 0.0	 87.5	 12.5	 62.5	 2.0	 1.0	 6
HfutEngine2020	 14.0	 0.64	 0.36	 0.0	 85.71	 42.86	 28.57	 2.0	 1.0	 7
Miracle2018GS	 43.13	 0.24	 0.51	 0.25	 94.05	 26.68	 26.7	 1.0	 0.38	 0
Miracle2018GS	 13.81	 0.25	 0.3	 0.45	 87.04	 30.28	 31.38	 1.0	 0.38	 1
Miracle2018GS	 84.62	 0.27	 0.48	 0.25	 85.0	 22.43	 34.64	 1.0	 0.38	 2
Miracle2018GS	 45.97	 0.28	 0.34	 0.38	 83.05	 22.95	 33.02	 1.0	 0.38	 3
Miracle2018GS	 53.12	 0.35	 0.29	 0.37	 77.48	 27.65	 30.84	 1.0	 0.38	 4
Miracle2018GS	 57.81	 0.38	 0.24	 0.38	 78.61	 23.36	 31.33	 1.0	 0.38	 5
Miracle2018GS	 11.27	 0.36	 0.16	 0.48	 84.02	 35.29	 34.6	 1.0	 0.38	 6
Miracle2018GS	 6.33	 0.41	 0.04	 0.55	 88.99	 59.5	 16.23	 1.0	 0.38	 7
YS-NB190321nv	 144.67	 0.15	 0.56	 0.29	 81.5	 19.61	 30.34	 0.75	 0.35	 0
YS-NB190321nv	 18.23	 0.13	 0.4	 0.47	 81.27	 15.71	 36.3	 0.75	 0.35	 1
YS-NB190321nv	 209.49	 0.23	 0.51	 0.27	 79.75	 16.87	 30.99	 0.75	 0.35	 2
YS-NB190321nv	 140.15	 0.25	 0.33	 0.42	 74.5	 19.97	 30.59	 0.75	 0.35	 3
YS-NB190321nv	 70.24	 0.28	 0.36	 0.36	 79.59	 21.08	 30.94	 0.75	 0.35	 4
YS-NB190321nv	 107.61	 0.32	 0.27	 0.41	 74.77	 21.75	 29.0	 0.75	 0.35	 5
YS-NB190321nv	 8.22	 0.35	 0.2	 0.45	 93.77	 40.11	 32.2	 0.75	 0.35	 6
YS-NB190321nv	 7.19	 0.35	 0.17	 0.48	 87.56	 64.28	 16.97	 0.75	 0.35	 7
YS-NB190321v	 152.33	 0.14	 0.56	 0.3	 81.3	 19.28	 30.34	 0.83	 0.41	 0
YS-NB190321v	 19.58	 0.14	 0.44	 0.42	 81.82	 17.02	 34.67	 0.83	 0.41	 1
YS-NB190321v	 211.33	 0.23	 0.5	 0.26	 79.26	 17.44	 30.63	 0.83	 0.41	 2
YS-NB190321v	 141.74	 0.25	 0.33	 0.42	 74.99	 19.88	 30.46	 0.83	 0.41	 3
YS-NB190321v	 70.48	 0.29	 0.34	 0.37	 78.99	 21.53	 28.96	 0.83	 0.41	 4
YS-NB190321v	 110.32	 0.33	 0.27	 0.41	 74.83	 22.57	 27.33	 0.83	 0.41	 5
YS-NB190321v	 8.1	 0.35	 0.23	 0.42	 87.65	 38.05	 30.94	 0.83	 0.41	 6
YS-NB190321v	 6.9	 0.38	 0.17	 0.46	 87.77	 60.96	 13.75	 0.83	 0.41	 7
YS-SC4231-0409	 68.72	 0.2	 0.53	 0.27	 85.85	 20.18	 37.1	 1.47	 0.48	 0
YS-SC4231-0409	 21.1	 0.23	 0.31	 0.47	 72.8	 18.71	 33.47	 1.47	 0.48	 1
YS-SC4231-0409	 221.73	 0.19	 0.58	 0.23	 81.87	 16.06	 34.76	 1.47	 0.48	 2
YS-SC4231-0409	 115.94	 0.25	 0.33	 0.41	 75.61	 19.97	 33.08	 1.47	 0.48	 3
YS-SC4231-0409	 88.79	 0.21	 0.49	 0.29	 79.22	 18.02	 35.63	 1.47	 0.48	 4
YS-SC4231-0409	 95.9	 0.32	 0.31	 0.37	 73.07	 23.51	 31.11	 1.47	 0.48	 5
YS-SC4231-0409	 9.94	 0.3	 0.32	 0.37	 79.21	 25.19	 31.83	 1.47	 0.48	 6
YS-SC4231-0409	 11.95	 0.32	 0.16	 0.52	 77.17	 47.19	 19.31	 1.47	 0.48	 7
YS-SC433-0323NV	 146.6	 0.16	 0.52	 0.32	 82.39	 20.56	 29.62	 1.55	 0.51	 0
YS-SC433-0323NV	 26.98	 0.2	 0.33	 0.47	 74.85	 23.14	 26.15	 1.55	 0.51	 1
YS-SC433-0323NV	 209.49	 0.23	 0.49	 0.27	 80.19	 17.85	 28.63	 1.55	 0.51	 2
YS-SC433-0323NV	 94.22	 0.27	 0.29	 0.44	 71.88	 23.64	 25.84	 1.55	 0.51	 3
YS-SC433-0323NV	 75.2	 0.26	 0.35	 0.38	 78.57	 19.92	 30.6	 1.55	 0.51	 4
YS-SC433-0323NV	 94.46	 0.32	 0.25	 0.43	 73.99	 23.44	 27.26	 1.55	 0.51	 5
YS-SC433-0323NV	 10.06	 0.29	 0.2	 0.52	 86.95	 27.51	 42.02	 1.55	 0.51	 6
YS-SC433-0323NV	 8.16	 0.35	 0.15	 0.5	 86.2	 65.19	 13.84	 1.55	 0.51	 7
YS-SC433-0323V	 118.74	 0.13	 0.56	 0.31	 82.03	 19.53	 28.96	 1.14	 0.35	 0
YS-SC433-0323V	 24.02	 0.18	 0.37	 0.45	 79.68	 14.56	 34.47	 1.14	 0.35	 1
YS-SC433-0323V	 224.08	 0.2	 0.54	 0.26	 80.23	 15.77	 30.36	 1.14	 0.35	 2
YS-SC433-0323V	 123.06	 0.27	 0.3	 0.43	 71.66	 20.87	 28.22	 1.14	 0.35	 3
YS-SC433-0323V	 78.83	 0.26	 0.37	 0.37	 78.96	 20.46	 29.76	 1.14	 0.35	 4
YS-SC433-0323V	 106.33	 0.32	 0.25	 0.42	 73.32	 22.03	 28.54	 1.14	 0.35	 5
YS-SC433-0323V	 8.59	 0.34	 0.2	 0.45	 76.99	 31.37	 35.3	 1.14	 0.35	 6
YS-SC433-0323V	 9.41	 0.34	 0.17	 0.49	 88.81	 64.09	 16.04	 1.14	 0.35	 7
YS-SC433-0324NV	 150.35	 0.16	 0.51	 0.32	 81.67	 19.9	 29.9	 1.34	 0.52	 0
YS-SC433-0324NV	 30.36	 0.2	 0.34	 0.46	 76.96	 19.02	 31.48	 1.34	 0.52	 1
YS-SC433-0324NV	 211.03	 0.23	 0.49	 0.28	 80.16	 17.28	 31.08	 1.34	 0.52	 2
YS-SC433-0324NV	 104.01	 0.26	 0.3	 0.44	 74.23	 23.21	 26.83	 1.34	 0.52	 3
YS-SC433-0324NV	 74.02	 0.27	 0.35	 0.38	 77.5	 21.09	 31.11	 1.34	 0.52	 4
YS-SC433-0324NV	 93.27	 0.33	 0.25	 0.43	 74.11	 22.73	 28.56	 1.34	 0.52	 5
YS-SC433-0324NV	 10.03	 0.34	 0.19	 0.47	 76.95	 33.61	 33.17	 1.34	 0.52	 6
YS-SC433-0324NV	 7.76	 0.38	 0.15	 0.47	 84.85	 59.54	 17.68	 1.34	 0.52	 7
YS-SC433-0324V	 124.89	 0.14	 0.55	 0.31	 81.77	 19.01	 29.42	 1.16	 0.57	 0
YS-SC433-0324V	 22.33	 0.17	 0.37	 0.46	 75.34	 19.5	 29.56	 1.16	 0.57	 1
YS-SC433-0324V	 204.33	 0.21	 0.54	 0.25	 80.23	 17.42	 29.78	 1.16	 0.57	 2
YS-SC433-0324V	 111.89	 0.25	 0.3	 0.45	 76.18	 21.26	 29.71	 1.16	 0.57	 3
YS-SC433-0324V	 69.99	 0.26	 0.37	 0.37	 79.1	 22.56	 30.11	 1.16	 0.57	 4
YS-SC433-0324V	 98.4	 0.31	 0.29	 0.41	 77.23	 21.47	 30.08	 1.16	 0.57	 5
YS-SC433-0324V	 10.02	 0.36	 0.17	 0.47	 92.56	 27.32	 22.76	 1.16	 0.57	 6
YS-SC433-0324V	 8.24	 0.36	 0.21	 0.43	 87.03	 61.65	 13.04	 1.16	 0.57	 7
YS-SC433-0325V	 135.11	 0.15	 0.53	 0.32	 81.54	 19.49	 30.09	 1.5	 0.6	 0
YS-SC433-0325V	 28.99	 0.18	 0.34	 0.48	 76.02	 18.37	 32.54	 1.5	 0.6	 1
YS-SC433-0325V	 211.61	 0.22	 0.52	 0.26	 78.75	 17.04	 29.75	 1.5	 0.6	 2
YS-SC433-0325V	 125.11	 0.26	 0.3	 0.44	 73.42	 22.08	 28.3	 1.5	 0.6	 3
YS-SC433-0325V	 75.1	 0.26	 0.37	 0.36	 79.66	 20.39	 30.85	 1.5	 0.6	 4
YS-SC433-0325V	 104.91	 0.31	 0.28	 0.41	 75.85	 21.84	 29.38	 1.5	 0.6	 5
YS-SC433-0325V	 9.43	 0.35	 0.21	 0.44	 81.37	 37.33	 40.86	 1.5	 0.6	 6
YS-SC433-0325V	 9.26	 0.32	 0.18	 0.5	 80.88	 59.68	 14.82	 1.5	 0.6	 7
YS-SC433-0409	 97.93	 0.17	 0.52	 0.31	 83.73	 16.67	 32.99	 1.56	 0.65	 0
YS-SC433-0409	 21.72	 0.2	 0.31	 0.49	 71.4	 18.9	 34.7	 1.56	 0.65	 1
YS-SC433-0409	 182.8	 0.22	 0.51	 0.27	 79.72	 17.4	 32.79	 1.56	 0.65	 2
YS-SC433-0409	 146.49	 0.25	 0.32	 0.43	 73.06	 22.2	 29.41	 1.56	 0.65	 3
YS-SC433-0409	 78.19	 0.25	 0.39	 0.36	 79.14	 21.71	 32.49	 1.56	 0.65	 4
YS-SC433-0409	 120.38	 0.32	 0.3	 0.38	 76.85	 22.64	 30.31	 1.56	 0.65	 5
YS-SC433-0409	 8.71	 0.3	 0.24	 0.46	 91.12	 37.65	 39.82	 1.56	 0.65	 6
YS-SC433-0409	 8.38	 0.34	 0.21	 0.46	 92.74	 59.83	 18.68	 1.56	 0.65	 7
YS-SC433-0415	 99.01	 0.16	 0.52	 0.32	 84.66	 16.86	 33.62	 1.28	 0.6	 0
YS-SC433-0415	 22.04	 0.17	 0.35	 0.47	 81.06	 18.19	 34.56	 1.28	 0.6	 1
YS-SC433-0415	 198.04	 0.2	 0.51	 0.29	 79.35	 17.01	 32.11	 1.28	 0.6	 2
YS-SC433-0415	 162.21	 0.24	 0.34	 0.42	 73.63	 21.06	 30.88	 1.28	 0.6	 3
YS-SC433-0415	 71.67	 0.26	 0.39	 0.35	 78.22	 22.51	 33.54	 1.28	 0.6	 4
YS-SC433-0415	 111.68	 0.32	 0.3	 0.39	 76.39	 22.36	 29.1	 1.28	 0.6	 5
YS-SC433-0415	 8.77	 0.31	 0.22	 0.47	 85.67	 33.32	 32.13	 1.28	 0.6	 6
YS-SC433-0415	 8.22	 0.4	 0.19	 0.41	 99.86	 73.23	 13.63	 1.28	 0.6	 7
YS-SC433-0417	 116.8	 0.16	 0.53	 0.31	 82.12	 16.78	 33.61	 1.99	 0.68	 0
YS-SC433-0417	 31.53	 0.19	 0.34	 0.46	 76.08	 16.36	 34.11	 1.99	 0.68	 1
YS-SC433-0417	 194.56	 0.2	 0.52	 0.28	 80.0	 16.24	 32.7	 1.99	 0.68	 2
YS-SC433-0417	 151.61	 0.24	 0.33	 0.43	 74.2	 21.66	 30.49	 1.99	 0.68	 3
YS-SC433-0417	 78.4	 0.25	 0.39	 0.36	 78.97	 21.18	 32.52	 1.99	 0.68	 4
YS-SC433-0417	 99.09	 0.31	 0.28	 0.41	 75.73	 22.84	 31.33	 1.99	 0.68	 5
YS-SC433-0417	 8.4	 0.32	 0.22	 0.46	 86.47	 31.32	 44.51	 1.99	 0.68	 6
YS-SC433-0417	 11.25	 0.32	 0.23	 0.44	 85.13	 48.47	 23.2	 1.99	 0.68	 7
YS-SC433-091	 53.58	 0.16	 0.48	 0.36	 75.76	 16.4	 33.7	 0.73	 0.33	 0
YS-SC433-091	 16.62	 0.16	 0.32	 0.52	 79.56	 17.31	 32.9	 0.73	 0.33	 1
YS-SC433-091	 151.4	 0.22	 0.47	 0.31	 65.97	 24.21	 26.94	 0.73	 0.33	 2
YS-SC433-091	 159.22	 0.22	 0.24	 0.53	 68.77	 24.27	 32.39	 0.73	 0.33	 3
YS-SC433-091	 122.61	 0.25	 0.38	 0.37	 76.66	 22.73	 28.77	 0.73	 0.33	 4
YS-SC433-091	 226.61	 0.32	 0.3	 0.38	 75.76	 24.46	 26.6	 0.73	 0.33	 5
YS-SC433-091	 9.5	 0.31	 0.27	 0.43	 75.24	 43.68	 35.48	 0.73	 0.33	 6
YS-SC433-091	 16.8	 0.32	 0.2	 0.48	 74.89	 44.62	 20.84	 0.73	 0.33	 7
YS-SC433-092	 57.43	 0.15	 0.48	 0.37	 73.76	 17.76	 37.78	 0.9	 0.33	 0
YS-SC433-092	 17.14	 0.16	 0.33	 0.51	 73.83	 15.54	 35.39	 0.9	 0.33	 1
YS-SC433-092	 152.32	 0.22	 0.46	 0.31	 67.95	 22.69	 27.82	 0.9	 0.33	 2
YS-SC433-092	 158.7	 0.23	 0.25	 0.52	 67.08	 24.27	 31.42	 0.9	 0.33	 3
YS-SC433-092	 122.98	 0.26	 0.38	 0.36	 75.99	 24.31	 28.9	 0.9	 0.33	 4
YS-SC433-092	 219.07	 0.32	 0.3	 0.38	 75.61	 24.93	 27.76	 0.9	 0.33	 5
YS-SC433-092	 9.38	 0.31	 0.23	 0.47	 81.91	 45.88	 26.79	 0.9	 0.33	 6
YS-SC433-092	 16.61	 0.31	 0.2	 0.49	 76.87	 46.78	 20.53	 0.9	 0.33	 7
YS-SC433-131	 54.23	 0.15	 0.48	 0.37	 75.01	 17.97	 36.19	 0.75	 0.4	 0
YS-SC433-131	 17.55	 0.18	 0.32	 0.5	 82.43	 14.92	 37.8	 0.75	 0.4	 1
YS-SC433-131	 156.77	 0.22	 0.47	 0.31	 67.41	 22.75	 27.47	 0.75	 0.4	 2
YS-SC433-131	 151.4	 0.23	 0.25	 0.52	 67.42	 24.29	 30.48	 0.75	 0.4	 3
YS-SC433-131	 127.1	 0.26	 0.37	 0.37	 75.46	 22.75	 30.59	 0.75	 0.4	 4
YS-SC433-131	 222.1	 0.32	 0.3	 0.37	 75.67	 24.28	 28.56	 0.75	 0.4	 5
YS-SC433-131	 10.88	 0.33	 0.25	 0.42	 82.42	 30.64	 34.38	 0.75	 0.4	 6
YS-SC433-131	 15.98	 0.3	 0.22	 0.48	 69.11	 44.03	 17.48	 0.75	 0.4	 7
YS-SC433-132	 65.52	 0.17	 0.47	 0.37	 75.17	 20.53	 33.21	 1.03	 0.39	 0
YS-SC433-132	 19.36	 0.13	 0.33	 0.53	 82.02	 17.93	 35.34	 1.03	 0.39	 1
YS-SC433-132	 161.94	 0.22	 0.47	 0.31	 67.22	 23.71	 28.83	 1.03	 0.39	 2
YS-SC433-132	 163.63	 0.23	 0.25	 0.52	 65.86	 25.0	 30.21	 1.03	 0.39	 3
YS-SC433-132	 125.44	 0.26	 0.36	 0.37	 75.75	 25.45	 28.59	 1.03	 0.39	 4
YS-SC433-132	 220.52	 0.32	 0.3	 0.38	 73.86	 25.76	 27.94	 1.03	 0.39	 5
YS-SC433-132	 10.57	 0.31	 0.22	 0.47	 74.67	 32.17	 42.82	 1.03	 0.39	 6
YS-SC433-132	 18.36	 0.31	 0.18	 0.51	 77.88	 45.96	 23.49	 1.03	 0.39	 7
YS-SC433-Y09	 66.66	 0.16	 0.48	 0.36	 75.75	 19.01	 35.84	 0.83	 0.36	 0
YS-SC433-Y09	 20.16	 0.14	 0.34	 0.52	 84.19	 20.28	 32.78	 0.83	 0.36	 1
YS-SC433-Y09	 162.78	 0.21	 0.47	 0.32	 66.51	 22.75	 28.52	 0.83	 0.36	 2
YS-SC433-Y09	 166.2	 0.22	 0.25	 0.53	 67.14	 22.86	 31.67	 0.83	 0.36	 3
YS-SC433-Y09	 120.39	 0.26	 0.39	 0.36	 74.0	 21.66	 29.9	 0.83	 0.36	 4
YS-SC433-Y09	 241.44	 0.32	 0.3	 0.38	 73.57	 24.31	 27.49	 0.83	 0.36	 5
YS-SC433-Y09	 12.34	 0.28	 0.27	 0.45	 80.3	 27.05	 36.75	 0.83	 0.36	 6
YS-SC433-Y09	 20.16	 0.31	 0.23	 0.46	 72.26	 48.68	 18.97	 0.83	 0.36	 7
YS-SC433-Y091	 56.31	 0.16	 0.5	 0.34	 76.2	 18.79	 34.27	 0.96	 0.36	 0
YS-SC433-Y091	 18.24	 0.13	 0.33	 0.54	 75.37	 15.52	 35.6	 0.96	 0.36	 1
YS-SC433-Y091	 153.01	 0.21	 0.48	 0.31	 67.39	 22.93	 28.12	 0.96	 0.36	 2
YS-SC433-Y091	 151.41	 0.22	 0.25	 0.52	 65.99	 22.54	 32.42	 0.96	 0.36	 3
YS-SC433-Y091	 125.83	 0.26	 0.38	 0.36	 73.51	 23.42	 28.45	 0.96	 0.36	 4
YS-SC433-Y091	 243.82	 0.32	 0.31	 0.38	 73.07	 24.59	 26.79	 0.96	 0.36	 5
YS-SC433-Y091	 9.92	 0.29	 0.27	 0.45	 79.52	 34.83	 35.32	 0.96	 0.36	 6
YS-SC433-Y091	 18.18	 0.29	 0.2	 0.51	 70.22	 42.36	 18.54	 0.96	 0.36	 7
YS-SC442-0409	 66.8	 0.13	 0.56	 0.31	 84.06	 18.98	 34.49	 0.92	 0.29	 0
YS-SC442-0409	 15.49	 0.16	 0.35	 0.49	 78.77	 15.98	 36.67	 0.92	 0.29	 1
YS-SC442-0409	 152.19	 0.17	 0.58	 0.24	 84.94	 14.65	 36.24	 0.92	 0.29	 2
YS-SC442-0409	 192.62	 0.22	 0.42	 0.37	 76.34	 17.63	 35.22	 0.92	 0.29	 3
YS-SC442-0409	 78.77	 0.24	 0.47	 0.29	 82.23	 19.57	 35.03	 0.92	 0.29	 4
YS-SC442-0409	 145.86	 0.31	 0.36	 0.33	 75.67	 19.01	 31.99	 0.92	 0.29	 5
YS-SC442-0409	 12.75	 0.31	 0.24	 0.45	 78.22	 30.45	 29.14	 0.92	 0.29	 6
YS-SC442-0409	 18.42	 0.32	 0.19	 0.49	 74.46	 38.72	 25.33	 0.92	 0.29	 7
YuShan-MS-0506	 43.33	 0.15	 0.56	 0.29	 86.7	 18.27	 32.89	 0.86	 0.22	 0
YuShan-MS-0506	 25.33	 0.15	 0.41	 0.45	 79.87	 15.14	 35.32	 0.86	 0.22	 1
YuShan-MS-0506	 185.32	 0.17	 0.57	 0.27	 83.89	 16.24	 31.72	 0.86	 0.22	 2
YuShan-MS-0506	 216.7	 0.23	 0.39	 0.38	 75.22	 18.27	 32.45	 0.86	 0.22	 3
YuShan-MS-0506	 88.57	 0.23	 0.43	 0.34	 81.19	 23.15	 29.15	 0.86	 0.22	 4
YuShan-MS-0506	 151.32	 0.32	 0.31	 0.37	 76.89	 25.04	 27.85	 0.86	 0.22	 5
YuShan-MS-0506	 11.19	 0.27	 0.29	 0.43	 92.87	 34.83	 35.14	 0.86	 0.22	 6
YuShan-MS-0506	 19.84	 0.26	 0.23	 0.51	 74.41	 37.87	 22.48	 0.86	 0.22	 7
YuShan-MS-0509	 25.61	 0.18	 0.52	 0.3	 83.4	 17.58	 35.37	 0.68	 0.21	 0
YuShan-MS-0509	 18.78	 0.14	 0.43	 0.43	 96.39	 18.73	 42.58	 0.68	 0.21	 1
YuShan-MS-0509	 148.96	 0.16	 0.57	 0.27	 80.75	 15.57	 35.13	 0.68	 0.21	 2
YuShan-MS-0509	 128.97	 0.23	 0.38	 0.39	 75.66	 18.13	 34.82	 0.68	 0.21	 3
YuShan-MS-0509	 111.3	 0.23	 0.45	 0.32	 81.48	 18.94	 32.68	 0.68	 0.21	 4
YuShan-MS-0509	 161.88	 0.29	 0.35	 0.35	 75.73	 22.55	 31.29	 0.68	 0.21	 5
YuShan-MS-0509	 16.35	 0.24	 0.35	 0.41	 85.77	 34.27	 36.01	 0.68	 0.21	 6
YuShan-MS-0509	 26.22	 0.26	 0.25	 0.49	 74.55	 38.51	 23.64	 0.68	 0.21	 7
YuShan2018-0419	 83.5	 0.16	 0.53	 0.31	 83.25	 16.63	 34.81	 1.19	 0.56	 0
YuShan2018-0419	 27.51	 0.17	 0.36	 0.47	 79.4	 17.07	 35.13	 1.19	 0.56	 1
YuShan2018-0419	 195.53	 0.19	 0.54	 0.27	 79.8	 17.65	 31.13	 1.19	 0.56	 2
YuShan2018-0419	 156.82	 0.23	 0.35	 0.41	 75.4	 20.15	 30.45	 1.19	 0.56	 3
YuShan2018-0419	 91.63	 0.24	 0.43	 0.33	 81.95	 22.98	 30.71	 1.19	 0.56	 4
YuShan2018-0419	 129.32	 0.31	 0.34	 0.36	 77.92	 23.75	 28.97	 1.19	 0.56	 5
YuShan2018-0419	 8.59	 0.32	 0.27	 0.41	 84.33	 41.74	 30.2	 1.19	 0.56	 6
YuShan2018-0419	 13.71	 0.3	 0.17	 0.52	 99.34	 72.12	 16.58	 1.19	 0.56	 7
YuShan2018-2f13	 16.79	 0.15	 0.58	 0.27	 88.49	 11.94	 43.51	 1.26	 0.39	 0
YuShan2018-2f13	 19.84	 0.15	 0.43	 0.42	 83.99	 12.0	 34.61	 1.26	 0.39	 1
YuShan2018-2f13	 74.79	 0.17	 0.57	 0.26	 86.22	 16.9	 37.84	 1.26	 0.39	 2
YuShan2018-2f13	 168.21	 0.25	 0.42	 0.33	 77.0	 20.6	 31.16	 1.26	 0.39	 3
YuShan2018-2f13	 50.99	 0.22	 0.39	 0.38	 76.83	 20.93	 32.64	 1.26	 0.39	 4
YuShan2018-2f13	 117.37	 0.33	 0.33	 0.34	 73.48	 21.92	 26.64	 1.26	 0.39	 5
YuShan2018-2f13	 10.87	 0.33	 0.21	 0.46	 81.51	 36.06	 27.23	 1.26	 0.39	 6
YuShan2018-2f13	 13.72	 0.32	 0.23	 0.45	 77.76	 39.64	 24.88	 1.26	 0.39	 7
YuShan2018-2sc	 25.66	 0.2	 0.48	 0.32	 81.84	 16.74	 41.17	 1.0	 0.19	 0
YuShan2018-2sc	 18.88	 0.18	 0.42	 0.4	 85.24	 12.7	 39.65	 1.0	 0.19	 1
YuShan2018-2sc	 156.11	 0.17	 0.58	 0.26	 85.02	 13.88	 32.85	 1.0	 0.19	 2
YuShan2018-2sc	 234.0	 0.21	 0.39	 0.4	 71.79	 19.55	 30.45	 1.0	 0.19	 3
YuShan2018-2sc	 136.33	 0.19	 0.52	 0.29	 86.6	 15.68	 32.66	 1.0	 0.19	 4
YuShan2018-2sc	 231.11	 0.32	 0.34	 0.34	 76.65	 25.03	 27.25	 1.0	 0.19	 5
YuShan2018-2sc	 6.28	 0.48	 0.18	 0.34	 82.4	 55.87	 25.77	 1.0	 0.19	 6
YuShan2018-2sc	 12.77	 0.42	 0.23	 0.35	 74.11	 55.94	 17.95	 1.0	 0.19	 7
YuShan2018-3F16	 26.7	 0.16	 0.46	 0.39	 86.92	 11.77	 44.84	 1.5	 0.57	 0
YuShan2018-3F16	 16.6	 0.13	 0.46	 0.42	 74.98	 13.51	 40.22	 1.5	 0.57	 1
YuShan2018-3F16	 105.2	 0.19	 0.55	 0.26	 85.94	 17.44	 38.93	 1.5	 0.57	 2
YuShan2018-3F16	 91.7	 0.22	 0.4	 0.38	 79.88	 18.03	 35.22	 1.5	 0.57	 3
YuShan2018-3F16	 92.6	 0.22	 0.47	 0.32	 81.28	 19.81	 35.72	 1.5	 0.57	 4
YuShan2018-3F16	 137.4	 0.26	 0.39	 0.34	 76.8	 20.32	 34.65	 1.5	 0.57	 5
YuShan2018-3F16	 11.33	 0.32	 0.13	 0.55	 77.47	 46.98	 40.28	 1.5	 0.57	 6
YuShan2018-3F16	 14.3	 0.36	 0.21	 0.43	 81.12	 49.74	 21.17	 1.5	 0.57	 7
YuShan2018-3f13	 25.7	 0.2	 0.48	 0.32	 91.43	 14.26	 39.47	 1.7	 0.43	 0
YuShan2018-3f13	 16.44	 0.14	 0.37	 0.49	 80.84	 14.93	 28.93	 1.7	 0.43	 1
YuShan2018-3f13	 100.5	 0.21	 0.52	 0.27	 81.31	 17.67	 37.47	 1.7	 0.43	 2
YuShan2018-3f13	 94.1	 0.23	 0.43	 0.34	 82.64	 16.83	 32.82	 1.7	 0.43	 3
YuShan2018-3f13	 95.0	 0.21	 0.49	 0.3	 82.76	 18.42	 32.58	 1.7	 0.43	 4
YuShan2018-3f13	 121.3	 0.26	 0.4	 0.34	 75.71	 16.49	 34.14	 1.7	 0.43	 5
YuShan2018-3f13	 10.4	 0.4	 0.15	 0.44	 62.16	 51.46	 23.11	 1.7	 0.43	 6
YuShan2018-3f13	 12.0	 0.33	 0.25	 0.42	 68.4	 46.66	 18.66	 1.7	 0.43	 7
YuShan2018-3sc	 30.9	 0.18	 0.55	 0.26	 84.25	 10.95	 34.3	 0.7	 0.27	 0
YuShan2018-3sc	 16.66	 0.2	 0.37	 0.43	 88.35	 10.53	 46.07	 0.7	 0.27	 1
YuShan2018-3sc	 145.1	 0.2	 0.53	 0.27	 80.68	 16.17	 30.99	 0.7	 0.27	 2
YuShan2018-3sc	 141.5	 0.22	 0.39	 0.39	 76.05	 22.61	 28.15	 0.7	 0.27	 3
YuShan2018-3sc	 191.1	 0.23	 0.46	 0.3	 82.67	 18.71	 32.48	 0.7	 0.27	 4
YuShan2018-3sc	 233.6	 0.32	 0.34	 0.34	 77.21	 22.96	 29.48	 0.7	 0.27	 5
YuShan2018-3sc	 8.38	 0.31	 0.24	 0.45	 87.31	 24.78	 30.82	 0.7	 0.27	 6
YuShan2018-3sc	 12.88	 0.33	 0.19	 0.48	 81.35	 50.77	 36.82	 0.7	 0.27	 7
YuShan2019-L22	 80.14	 0.15	 0.54	 0.31	 85.04	 15.25	 34.99	 1.54	 0.56	 0
YuShan2019-L22	 25.86	 0.21	 0.32	 0.47	 75.1	 19.84	 33.19	 1.54	 0.56	 1
YuShan2019-L22	 177.9	 0.19	 0.54	 0.27	 79.8	 17.91	 31.69	 1.54	 0.56	 2
YuShan2019-L22	 139.16	 0.23	 0.34	 0.42	 74.33	 20.55	 31.88	 1.54	 0.56	 3
YuShan2019-L22	 81.13	 0.25	 0.39	 0.36	 78.47	 23.13	 31.89	 1.54	 0.56	 4
YuShan2019-L22	 154.22	 0.29	 0.35	 0.36	 78.32	 22.73	 29.14	 1.54	 0.56	 5
YuShan2019-L22	 12.61	 0.31	 0.26	 0.43	 74.81	 32.18	 33.16	 1.54	 0.56	 6
YuShan2019-L22	 15.63	 0.29	 0.2	 0.51	 80.19	 52.72	 18.42	 1.54	 0.56	 7
YuShan2019-L221	 79.63	 0.19	 0.49	 0.32	 87.48	 17.06	 42.04	 1.3	 0.4	 0
YuShan2019-L221	 20.51	 0.27	 0.29	 0.43	 76.28	 24.78	 27.22	 1.3	 0.4	 1
YuShan2019-L221	 131.54	 0.23	 0.52	 0.25	 79.94	 18.97	 34.51	 1.3	 0.4	 2
YuShan2019-L221	 118.76	 0.27	 0.32	 0.41	 74.13	 21.18	 32.18	 1.3	 0.4	 3
YuShan2019-L221	 90.92	 0.27	 0.35	 0.38	 77.77	 25.44	 30.24	 1.3	 0.4	 4
YuShan2019-L221	 150.73	 0.31	 0.35	 0.34	 77.49	 23.37	 30.52	 1.3	 0.4	 5
YuShan2019-L221	 10.85	 0.35	 0.16	 0.49	 70.91	 28.19	 32.57	 1.3	 0.4	 6
YuShan2019-L221	 13.67	 0.37	 0.14	 0.5	 71.8	 52.95	 16.2	 1.3	 0.4	 7
YuShan2019-L222	 86.69	 0.2	 0.5	 0.31	 84.19	 18.01	 35.24	 1.24	 0.44	 0
YuShan2019-L222	 18.04	 0.28	 0.27	 0.45	 74.91	 23.78	 30.68	 1.24	 0.44	 1
YuShan2019-L222	 135.35	 0.22	 0.51	 0.26	 78.9	 18.75	 30.97	 1.24	 0.44	 2
YuShan2019-L222	 131.63	 0.27	 0.34	 0.39	 73.95	 19.01	 30.51	 1.24	 0.44	 3
YuShan2019-L222	 88.04	 0.26	 0.36	 0.38	 79.76	 19.94	 30.11	 1.24	 0.44	 4
YuShan2019-L222	 167.49	 0.31	 0.34	 0.35	 79.41	 22.93	 29.67	 1.24	 0.44	 5
YuShan2019-L222	 14.0	 0.32	 0.19	 0.49	 85.59	 28.23	 45.19	 1.24	 0.44	 6
YuShan2019-L222	 14.79	 0.34	 0.19	 0.47	 68.87	 39.76	 22.1	 1.24	 0.44	 7
YuShan2019-L223	 80.53	 0.15	 0.54	 0.3	 84.54	 15.81	 35.08	 1.62	 0.59	 0
YuShan2019-L223	 24.82	 0.2	 0.34	 0.46	 75.31	 18.13	 32.83	 1.62	 0.59	 1
YuShan2019-L223	 195.2	 0.19	 0.54	 0.27	 80.0	 17.81	 31.74	 1.62	 0.59	 2
YuShan2019-L223	 156.72	 0.25	 0.33	 0.42	 73.72	 21.74	 30.36	 1.62	 0.59	 3
YuShan2019-L223	 93.52	 0.25	 0.39	 0.36	 77.68	 24.27	 31.76	 1.62	 0.59	 4
YuShan2019-L223	 148.79	 0.29	 0.35	 0.36	 76.69	 24.11	 29.13	 1.62	 0.59	 5
YuShan2019-L223	 13.33	 0.32	 0.23	 0.44	 82.53	 37.64	 29.94	 1.62	 0.59	 6
YuShan2019-L223	 17.39	 0.27	 0.17	 0.56	 75.82	 50.79	 18.19	 1.62	 0.59	 7
YuShan2019CN	 97.56	 0.18	 0.48	 0.33	 85.72	 17.49	 37.76	 1.59	 0.69	 0
YuShan2019CN	 17.43	 0.25	 0.29	 0.46	 76.92	 21.75	 35.41	 1.59	 0.69	 1
YuShan2019CN	 172.9	 0.22	 0.53	 0.26	 79.51	 19.52	 28.68	 1.59	 0.69	 2
YuShan2019CN	 125.41	 0.25	 0.34	 0.41	 77.2	 20.16	 29.23	 1.59	 0.69	 3
YuShan2019CN	 90.1	 0.26	 0.36	 0.37	 78.28	 21.33	 30.73	 1.59	 0.69	 4
YuShan2019CN	 128.48	 0.32	 0.31	 0.37	 77.5	 22.64	 30.26	 1.59	 0.69	 5
YuShan2019CN	 11.94	 0.3	 0.21	 0.49	 69.86	 24.13	 36.5	 1.59	 0.69	 6
YuShan2019CN	 16.86	 0.32	 0.2	 0.48	 68.21	 39.2	 19.97	 1.59	 0.69	 7
YuShan2019GL1	 90.34	 0.17	 0.51	 0.32	 84.17	 17.19	 32.64	 1.93	 0.59	 0
YuShan2019GL1	 27.33	 0.17	 0.35	 0.48	 78.9	 19.65	 32.08	 1.93	 0.59	 1
YuShan2019GL1	 184.53	 0.22	 0.48	 0.3	 81.61	 18.54	 30.43	 1.93	 0.59	 2
YuShan2019GL1	 134.97	 0.25	 0.32	 0.43	 74.83	 22.47	 28.15	 1.93	 0.59	 3
YuShan2019GL1	 78.73	 0.27	 0.37	 0.36	 78.01	 24.44	 30.47	 1.93	 0.59	 4
YuShan2019GL1	 109.71	 0.3	 0.33	 0.37	 76.95	 24.7	 27.98	 1.93	 0.59	 5
YuShan2019GL1	 12.26	 0.34	 0.24	 0.42	 80.06	 36.9	 29.9	 1.93	 0.59	 6
YuShan2019GL1	 15.43	 0.32	 0.21	 0.47	 78.53	 45.38	 19.93	 1.93	 0.59	 7
YuShan2019NB1	 66.24	 0.18	 0.52	 0.31	 83.95	 16.21	 35.06	 1.91	 0.52	 0
YuShan2019NB1	 23.12	 0.19	 0.33	 0.48	 75.96	 20.5	 32.48	 1.91	 0.52	 1
YuShan2019NB1	 176.13	 0.19	 0.5	 0.3	 81.97	 15.84	 33.1	 1.91	 0.52	 2
YuShan2019NB1	 156.98	 0.23	 0.34	 0.42	 77.76	 18.79	 33.69	 1.91	 0.52	 3
YuShan2019NB1	 66.57	 0.22	 0.41	 0.36	 78.58	 18.49	 36.95	 1.91	 0.52	 4
YuShan2019NB1	 82.74	 0.31	 0.3	 0.39	 71.13	 22.39	 30.56	 1.91	 0.52	 5
YuShan2019NB1	 10.32	 0.31	 0.25	 0.44	 87.63	 28.01	 39.46	 1.91	 0.52	 6
YuShan2019NB1	 11.74	 0.33	 0.17	 0.5	 77.9	 41.91	 24.77	 1.91	 0.52	 7
YuShan2019_A	 15.79	 0.27	 0.44	 0.29	 83.19	 26.29	 31.6	 0.76	 0.28	 0
YuShan2019_A	 7.98	 0.22	 0.28	 0.51	 90.63	 23.43	 36.72	 0.76	 0.28	 1
YuShan2019_A	 110.7	 0.28	 0.43	 0.29	 81.49	 23.89	 31.11	 0.76	 0.28	 2
YuShan2019_A	 46.11	 0.22	 0.39	 0.39	 81.14	 19.73	 33.74	 0.76	 0.28	 3
YuShan2019_A	 54.31	 0.26	 0.32	 0.42	 72.79	 26.85	 30.28	 0.76	 0.28	 4
YuShan2019_A	 37.83	 0.3	 0.26	 0.44	 72.11	 24.51	 32.18	 0.76	 0.28	 5
YuShan2019_A	 11.53	 0.29	 0.18	 0.52	 75.91	 36.96	 28.85	 0.76	 0.28	 6
YuShan2019_A	 9.49	 0.32	 0.12	 0.56	 78.61	 42.11	 26.05	 0.76	 0.28	 7
YuShan2019_B1	 24.22	 0.3	 0.46	 0.24	 86.11	 20.83	 50.04	 0.74	 0.29	 0
YuShan2019_B1	 10.9	 0.19	 0.34	 0.47	 89.44	 15.92	 48.41	 0.74	 0.29	 1
YuShan2019_B1	 68.67	 0.29	 0.41	 0.3	 84.65	 20.74	 44.98	 0.74	 0.29	 2
YuShan2019_B1	 50.96	 0.33	 0.32	 0.34	 83.02	 16.02	 41.96	 0.74	 0.29	 3
YuShan2019_B1	 51.96	 0.27	 0.32	 0.42	 78.51	 30.82	 35.08	 0.74	 0.29	 4
YuShan2019_B1	 42.82	 0.29	 0.31	 0.4	 77.67	 21.94	 35.75	 0.74	 0.29	 5
YuShan2019_B1	 7.69	 0.41	 0.19	 0.4	 85.11	 42.74	 28.13	 0.74	 0.29	 6
YuShan2019_B1	 5.77	 0.41	 0.1	 0.49	 91.12	 55.53	 24.58	 0.74	 0.29	 7
YuShan2019_I	 65.88	 0.18	 0.52	 0.3	 84.7	 18.15	 37.81	 1.66	 0.53	 0
YuShan2019_I	 26.33	 0.18	 0.37	 0.45	 76.78	 17.29	 33.99	 1.66	 0.53	 1
YuShan2019_I	 150.52	 0.2	 0.52	 0.28	 80.57	 19.63	 32.84	 1.66	 0.53	 2
YuShan2019_I	 110.27	 0.25	 0.35	 0.4	 76.14	 21.26	 31.66	 1.66	 0.53	 3
YuShan2019_I	 76.3	 0.25	 0.39	 0.36	 78.0	 22.78	 32.18	 1.66	 0.53	 4
YuShan2019_I	 115.09	 0.32	 0.31	 0.37	 72.54	 24.71	 28.92	 1.66	 0.53	 5
YuShan2019_I	 11.71	 0.3	 0.26	 0.44	 84.23	 32.6	 32.09	 1.66	 0.53	 6
YuShan2019_I	 14.85	 0.28	 0.21	 0.51	 76.29	 36.5	 25.0	 1.66	 0.53	 7
YuShan2019_J	 47.94	 0.2	 0.51	 0.29	 83.25	 17.97	 32.49	 1.65	 0.56	 0
YuShan2019_J	 24.22	 0.18	 0.36	 0.46	 75.26	 18.95	 35.57	 1.65	 0.56	 1
YuShan2019_J	 169.66	 0.2	 0.53	 0.27	 82.61	 17.27	 31.78	 1.65	 0.56	 2
YuShan2019_J	 248.66	 0.26	 0.34	 0.39	 71.87	 21.02	 30.01	 1.65	 0.56	 3
YuShan2019_J	 72.92	 0.27	 0.33	 0.39	 79.27	 24.53	 30.43	 1.65	 0.56	 4
YuShan2019_J	 103.41	 0.34	 0.25	 0.4	 70.74	 24.7	 27.56	 1.65	 0.56	 5
YuShan2019_J	 10.29	 0.29	 0.26	 0.45	 82.61	 31.31	 30.57	 1.65	 0.56	 6
YuShan2019_J	 12.27	 0.3	 0.23	 0.47	 76.98	 36.7	 26.58	 1.65	 0.56	 7
YuShan433-F13	 70.23	 0.2	 0.49	 0.3	 83.87	 21.12	 38.27	 1.9	 0.7	 0
YuShan433-F13	 26.56	 0.19	 0.34	 0.46	 75.99	 17.66	 32.3	 1.9	 0.7	 1
YuShan433-F13	 158.19	 0.21	 0.52	 0.27	 80.4	 20.54	 32.48	 1.9	 0.7	 2
YuShan433-F13	 96.89	 0.26	 0.35	 0.39	 76.18	 21.55	 31.65	 1.9	 0.7	 3
YuShan433-F13	 64.69	 0.26	 0.41	 0.33	 78.73	 23.43	 33.31	 1.9	 0.7	 4
YuShan433-F13	 70.04	 0.31	 0.29	 0.4	 73.19	 25.13	 28.38	 1.9	 0.7	 5
YuShan433-F13	 11.48	 0.32	 0.23	 0.45	 77.63	 33.88	 30.44	 1.9	 0.7	 6
YuShan433-F13	 11.09	 0.34	 0.2	 0.46	 78.48	 41.79	 23.88	 1.9	 0.7	 7
YuShan433-F16	 75.78	 0.2	 0.49	 0.3	 83.37	 20.14	 37.78	 1.84	 0.64	 0
YuShan433-F16	 29.37	 0.2	 0.35	 0.45	 75.8	 17.29	 33.03	 1.84	 0.64	 1
YuShan433-F16	 156.13	 0.21	 0.52	 0.27	 80.56	 20.0	 34.56	 1.84	 0.64	 2
YuShan433-F16	 91.74	 0.25	 0.35	 0.4	 76.79	 21.47	 31.48	 1.84	 0.64	 3
YuShan433-F16	 66.7	 0.26	 0.39	 0.35	 79.03	 24.15	 32.99	 1.84	 0.64	 4
YuShan433-F16	 69.68	 0.31	 0.3	 0.39	 73.4	 24.9	 29.19	 1.84	 0.64	 5
YuShan433-F16	 11.31	 0.33	 0.22	 0.46	 83.26	 33.94	 30.34	 1.84	 0.64	 6
YuShan433-F16	 12.11	 0.31	 0.21	 0.47	 77.1	 36.56	 26.59	 1.84	 0.64	 7
YuShan433-SC	 100.44	 0.18	 0.5	 0.32	 82.67	 17.44	 33.24	 1.38	 0.6	 0
YuShan433-SC	 21.57	 0.19	 0.35	 0.46	 75.7	 17.82	 32.73	 1.38	 0.6	 1
YuShan433-SC	 189.07	 0.2	 0.52	 0.27	 79.54	 17.94	 30.99	 1.38	 0.6	 2
YuShan433-SC	 136.0	 0.25	 0.32	 0.43	 74.96	 21.79	 29.52	 1.38	 0.6	 3
YuShan433-SC	 90.35	 0.25	 0.39	 0.35	 78.66	 22.52	 31.03	 1.38	 0.6	 4
YuShan433-SC	 132.36	 0.32	 0.3	 0.38	 73.94	 24.36	 28.58	 1.38	 0.6	 5
YuShan433-SC	 10.31	 0.34	 0.2	 0.46	 75.57	 31.59	 33.27	 1.38	 0.6	 6
YuShan433-SC	 12.05	 0.35	 0.22	 0.43	 74.66	 43.0	 20.13	 1.38	 0.6	 7
YuShan442-0506	 34.41	 0.17	 0.53	 0.29	 86.47	 22.6	 38.83	 1.07	 0.16	 0
YuShan442-0506	 20.38	 0.15	 0.42	 0.43	 84.33	 15.67	 42.24	 1.07	 0.16	 1
YuShan442-0506	 103.67	 0.16	 0.57	 0.27	 83.81	 18.06	 37.49	 1.07	 0.16	 2
YuShan442-0506	 135.94	 0.19	 0.52	 0.28	 80.26	 14.63	 39.65	 1.07	 0.16	 3
YuShan442-0506	 61.03	 0.25	 0.43	 0.33	 80.23	 25.73	 32.64	 1.07	 0.16	 4
YuShan442-0506	 83.42	 0.31	 0.38	 0.31	 72.38	 20.65	 31.68	 1.07	 0.16	 5
YuShan442-0506	 17.47	 0.23	 0.35	 0.42	 78.82	 30.88	 28.37	 1.07	 0.16	 6
YuShan442-0506	 20.04	 0.28	 0.24	 0.48	 73.18	 35.98	 25.9	 1.07	 0.16	 7
YuShan442-0509	 34.73	 0.17	 0.51	 0.32	 85.02	 18.53	 32.57	 0.72	 0.23	 0
YuShan442-0509	 21.21	 0.15	 0.41	 0.44	 86.87	 14.98	 35.24	 0.72	 0.23	 1
YuShan442-0509	 171.16	 0.16	 0.57	 0.27	 82.46	 16.26	 30.05	 0.72	 0.23	 2
YuShan442-0509	 206.22	 0.22	 0.39	 0.38	 74.07	 17.6	 32.41	 0.72	 0.23	 3
YuShan442-0509	 106.83	 0.23	 0.43	 0.34	 80.94	 20.02	 30.82	 0.72	 0.23	 4
YuShan442-0509	 147.15	 0.33	 0.31	 0.36	 74.55	 22.91	 29.27	 0.72	 0.23	 5
YuShan442-0509	 12.17	 0.21	 0.36	 0.42	 88.4	 24.66	 34.41	 0.72	 0.23	 6
YuShan442-0509	 18.27	 0.24	 0.24	 0.52	 74.07	 40.0	 22.65	 0.72	 0.23	 7
YuShan442-F16	 29.09	 0.2	 0.51	 0.3	 84.47	 20.98	 36.0	 1.15	 0.44	 0
YuShan442-F16	 22.1	 0.15	 0.39	 0.46	 82.32	 15.99	 38.03	 1.15	 0.44	 1
YuShan442-F16	 112.69	 0.17	 0.54	 0.3	 82.94	 16.8	 35.56	 1.15	 0.44	 2
YuShan442-F16	 182.57	 0.21	 0.46	 0.33	 78.74	 18.07	 33.08	 1.15	 0.44	 3
YuShan442-F16	 65.47	 0.23	 0.41	 0.36	 79.92	 23.01	 33.46	 1.15	 0.44	 4
YuShan442-F16	 87.34	 0.34	 0.29	 0.37	 71.76	 25.17	 27.21	 1.15	 0.44	 5
YuShan442-F16	 12.69	 0.25	 0.29	 0.46	 87.98	 30.23	 35.5	 1.15	 0.44	 6
YuShan442-F16	 16.73	 0.28	 0.2	 0.52	 71.95	 43.19	 20.46	 1.15	 0.44	 7
YuShan442-F160	 27.01	 0.2	 0.51	 0.29	 85.95	 19.68	 39.56	 1.47	 0.39	 0
YuShan442-F160	 23.35	 0.14	 0.41	 0.45	 77.84	 18.91	 33.86	 1.47	 0.39	 1
YuShan442-F160	 119.54	 0.17	 0.53	 0.31	 83.74	 17.73	 35.26	 1.47	 0.39	 2
YuShan442-F160	 194.61	 0.21	 0.46	 0.32	 78.22	 18.69	 33.34	 1.47	 0.39	 3
YuShan442-F160	 51.41	 0.27	 0.34	 0.38	 77.45	 24.72	 32.74	 1.47	 0.39	 4
YuShan442-F160	 82.35	 0.32	 0.29	 0.39	 70.62	 23.9	 28.18	 1.47	 0.39	 5
YuShan442-F160	 10.78	 0.26	 0.25	 0.49	 78.1	 26.31	 35.04	 1.47	 0.39	 6
YuShan442-F160	 15.83	 0.26	 0.22	 0.52	 77.25	 41.54	 20.21	 1.47	 0.39	 7
YuShan442-SC	 34.7	 0.16	 0.53	 0.31	 83.56	 18.24	 34.84	 1.1	 0.47	 0
YuShan442-SC	 17.78	 0.14	 0.38	 0.48	 83.57	 16.71	 38.67	 1.1	 0.47	 1
YuShan442-SC	 179.44	 0.18	 0.54	 0.29	 82.13	 16.17	 32.21	 1.1	 0.47	 2
YuShan442-SC	 238.3	 0.24	 0.37	 0.39	 73.41	 19.86	 32.02	 1.1	 0.47	 3
YuShan442-SC	 76.86	 0.25	 0.38	 0.37	 79.66	 23.16	 31.43	 1.1	 0.47	 4
YuShan442-SC	 117.25	 0.33	 0.28	 0.39	 71.81	 23.39	 29.14	 1.1	 0.47	 5
YuShan442-SC	 10.83	 0.26	 0.31	 0.43	 82.03	 27.95	 37.0	 1.1	 0.47	 6
YuShan442-SC	 15.69	 0.25	 0.22	 0.53	 79.8	 47.17	 21.33	 1.1	 0.47	 7
YuShan442-SC0	 37.21	 0.18	 0.53	 0.29	 81.39	 15.71	 34.32	 0.97	 0.35	 0
YuShan442-SC0	 21.47	 0.15	 0.4	 0.45	 77.74	 15.65	 35.59	 0.97	 0.35	 1
YuShan442-SC0	 169.16	 0.17	 0.54	 0.29	 82.61	 15.64	 32.53	 0.97	 0.35	 2
YuShan442-SC0	 248.5	 0.24	 0.36	 0.4	 73.46	 19.04	 31.35	 0.97	 0.35	 3
YuShan442-SC0	 76.06	 0.25	 0.41	 0.34	 80.28	 20.72	 34.83	 0.97	 0.35	 4
YuShan442-SC0	 140.06	 0.33	 0.3	 0.38	 73.73	 23.65	 29.31	 0.97	 0.35	 5
YuShan442-SC0	 9.63	 0.32	 0.24	 0.44	 90.36	 33.13	 36.7	 0.97	 0.35	 6
YuShan442-SC0	 15.08	 0.29	 0.24	 0.47	 76.05	 37.68	 25.11	 0.97	 0.35	 7
YuShan_GL-0417	 124.71	 0.17	 0.52	 0.31	 82.9	 17.29	 30.81	 1.87	 0.64	 0
YuShan_GL-0417	 31.17	 0.19	 0.34	 0.47	 75.53	 22.46	 30.14	 1.87	 0.64	 1
YuShan_GL-0417	 180.86	 0.23	 0.47	 0.3	 80.87	 19.65	 29.84	 1.87	 0.64	 2
YuShan_GL-0417	 130.77	 0.25	 0.31	 0.44	 73.8	 22.22	 28.31	 1.87	 0.64	 3
YuShan_GL-0417	 68.84	 0.27	 0.35	 0.38	 77.22	 25.24	 32.05	 1.87	 0.64	 4
YuShan_GL-0417	 76.66	 0.33	 0.26	 0.41	 73.66	 23.83	 28.73	 1.87	 0.64	 5
YuShan_GL-0417	 11.18	 0.32	 0.24	 0.44	 74.61	 33.03	 28.86	 1.87	 0.64	 6
YuShan_GL-0417	 14.12	 0.32	 0.19	 0.49	 81.16	 42.7	 21.21	 1.87	 0.64	 7
YuShan_GL_B2	 36.6	 0.27	 0.46	 0.28	 82.72	 23.69	 35.85	 0.96	 0.49	 0
YuShan_GL_B2	 14.08	 0.19	 0.34	 0.47	 84.67	 20.71	 30.62	 0.96	 0.49	 1
YuShan_GL_B2	 92.67	 0.28	 0.41	 0.31	 81.9	 22.43	 36.06	 0.96	 0.49	 2
YuShan_GL_B2	 46.4	 0.3	 0.29	 0.41	 76.89	 23.51	 31.5	 0.96	 0.49	 3
YuShan_GL_B2	 55.09	 0.3	 0.32	 0.38	 73.75	 28.59	 30.65	 0.96	 0.49	 4
YuShan_GL_B2	 40.31	 0.3	 0.29	 0.41	 72.03	 24.27	 29.93	 0.96	 0.49	 5
YuShan_GL_B2	 8.69	 0.4	 0.19	 0.42	 87.08	 48.98	 30.65	 0.96	 0.49	 6
YuShan_GL_B2	 7.33	 0.36	 0.18	 0.45	 76.74	 50.78	 16.52	 0.96	 0.49	 7
YuShan_GL_F13	 51.29	 0.19	 0.5	 0.31	 85.13	 19.0	 34.66	 1.84	 0.62	 0
YuShan_GL_F13	 26.62	 0.2	 0.36	 0.44	 79.83	 18.54	 30.25	 1.84	 0.62	 1
YuShan_GL_F13	 220.06	 0.23	 0.5	 0.28	 81.76	 20.25	 28.05	 1.84	 0.62	 2
YuShan_GL_F13	 121.25	 0.27	 0.32	 0.4	 75.22	 23.93	 26.57	 1.84	 0.62	 3
YuShan_GL_F13	 72.02	 0.27	 0.35	 0.37	 76.44	 26.79	 28.72	 1.84	 0.62	 4
YuShan_GL_F13	 76.27	 0.35	 0.23	 0.43	 71.97	 30.28	 23.74	 1.84	 0.62	 5
YuShan_GL_F13	 12.49	 0.32	 0.23	 0.45	 74.89	 37.92	 26.81	 1.84	 0.62	 6
YuShan_GL_F13	 11.66	 0.35	 0.16	 0.49	 83.79	 50.84	 21.93	 1.84	 0.62	 7
YuShan_GL_KG	 65.61	 0.13	 0.59	 0.28	 84.91	 17.12	 30.72	 0.47	 0.18	 0
YuShan_GL_KG	 9.06	 0.15	 0.38	 0.46	 81.54	 23.14	 33.97	 0.47	 0.18	 1
YuShan_GL_KG	 201.22	 0.19	 0.52	 0.29	 83.71	 17.59	 30.85	 0.47	 0.18	 2
YuShan_GL_KG	 119.82	 0.21	 0.39	 0.4	 78.22	 20.63	 33.14	 0.47	 0.18	 3
YuShan_GL_KG	 76.11	 0.27	 0.37	 0.36	 74.63	 25.24	 31.62	 0.47	 0.18	 4
YuShan_GL_KG	 111.82	 0.35	 0.25	 0.4	 73.61	 27.74	 26.67	 0.47	 0.18	 5
YuShan_GL_KG	 10.99	 0.35	 0.22	 0.43	 81.02	 34.91	 28.35	 0.47	 0.18	 6
YuShan_GL_KG	 19.5	 0.34	 0.16	 0.5	 79.5	 42.49	 20.78	 0.47	 0.18	 7
YuShan_GL_SC	 88.31	 0.18	 0.5	 0.32	 83.81	 16.48	 33.37	 1.4	 0.55	 0
YuShan_GL_SC	 21.28	 0.21	 0.32	 0.47	 74.13	 19.69	 32.2	 1.4	 0.55	 1
YuShan_GL_SC	 186.12	 0.23	 0.49	 0.29	 81.76	 18.86	 31.37	 1.4	 0.55	 2
YuShan_GL_SC	 142.79	 0.25	 0.32	 0.43	 73.61	 24.24	 28.21	 1.4	 0.55	 3
YuShan_GL_SC	 76.6	 0.27	 0.37	 0.36	 79.2	 23.87	 33.09	 1.4	 0.55	 4
YuShan_GL_SC	 101.84	 0.32	 0.3	 0.39	 76.23	 25.68	 27.86	 1.4	 0.55	 5
YuShan_GL_SC	 10.27	 0.37	 0.21	 0.42	 84.16	 34.97	 32.15	 1.4	 0.55	 6
YuShan_GL_SC	 12.77	 0.34	 0.19	 0.47	 77.48	 49.67	 20.42	 1.4	 0.55	 7
YuShan_GL_YS	 56.01	 0.24	 0.48	 0.28	 87.17	 22.1	 38.73	 1.71	 0.6	 0
YuShan_GL_YS	 24.88	 0.17	 0.43	 0.4	 85.2	 12.38	 32.81	 1.71	 0.6	 1
YuShan_GL_YS	 160.34	 0.26	 0.41	 0.33	 81.31	 22.49	 33.54	 1.71	 0.6	 2
YuShan_GL_YS	 125.99	 0.25	 0.32	 0.43	 76.97	 21.66	 30.91	 1.71	 0.6	 3
YuShan_GL_YS	 60.74	 0.27	 0.35	 0.38	 77.35	 26.14	 33.96	 1.71	 0.6	 4
YuShan_GL_YS	 58.58	 0.25	 0.34	 0.4	 77.26	 23.42	 29.88	 1.71	 0.6	 5
YuShan_GL_YS	 11.37	 0.38	 0.19	 0.43	 75.35	 26.9	 29.13	 1.71	 0.6	 6
YuShan_GL_YS	 11.59	 0.33	 0.22	 0.45	 75.04	 49.81	 14.93	 1.71	 0.6	 7
YuShan_N1209	 34.3	 0.17	 0.52	 0.31	 89.23	 17.5	 36.49	 1.05	 0.32	 0
YuShan_N1209	 14.53	 0.29	 0.24	 0.47	 77.41	 26.57	 30.21	 1.05	 0.32	 1
YuShan_N1209	 134.95	 0.23	 0.47	 0.3	 83.25	 18.32	 28.27	 1.05	 0.32	 2
YuShan_N1209	 101.1	 0.27	 0.29	 0.44	 76.49	 24.35	 26.5	 1.05	 0.32	 3
YuShan_N1209	 91.03	 0.26	 0.38	 0.36	 79.94	 23.57	 30.52	 1.05	 0.32	 4
YuShan_N1209	 122.43	 0.32	 0.27	 0.4	 75.6	 23.88	 28.46	 1.05	 0.32	 5
YuShan_N1209	 9.12	 0.37	 0.19	 0.44	 89.7	 40.34	 30.95	 1.05	 0.32	 6
YuShan_N1209	 9.66	 0.38	 0.12	 0.5	 83.38	 56.51	 15.29	 1.05	 0.32	 7
YuShan_gld_it	 29.28	 0.22	 0.56	 0.22	 93.01	 20.07	 47.2	 1.44	 0.54	 0
YuShan_gld_it	 13.38	 0.17	 0.32	 0.51	 91.45	 13.75	 47.28	 1.44	 0.54	 1
YuShan_gld_it	 114.97	 0.23	 0.53	 0.24	 86.98	 18.23	 45.4	 1.44	 0.54	 2
YuShan_gld_it	 51.71	 0.25	 0.36	 0.4	 87.85	 19.94	 39.42	 1.44	 0.54	 3
YuShan_gld_it	 93.85	 0.2	 0.51	 0.29	 83.62	 20.88	 40.41	 1.44	 0.54	 4
YuShan_gld_it	 57.0	 0.3	 0.3	 0.41	 79.34	 21.39	 35.89	 1.44	 0.54	 5
YuShan_gld_it	 11.79	 0.41	 0.11	 0.48	 83.94	 34.06	 25.85	 1.44	 0.54	 6
YuShan_gld_it	 13.07	 0.36	 0.13	 0.51	 79.02	 46.38	 21.87	 1.44	 0.54	 7
hfut-Phienox	 22.52	 0.29	 0.52	 0.19	 92.44	 23.13	 47.94	 1.27	 0.27	 0
hfut-Phienox	 13.45	 0.22	 0.24	 0.54	 74.72	 21.29	 39.77	 1.27	 0.27	 1
hfut-Phienox	 45.63	 0.28	 0.46	 0.26	 86.73	 19.36	 42.91	 1.27	 0.27	 2
hfut-Phienox	 115.78	 0.3	 0.39	 0.31	 81.91	 16.27	 44.75	 1.27	 0.27	 3
hfut-Phienox	 29.96	 0.35	 0.3	 0.34	 79.75	 23.24	 33.39	 1.27	 0.27	 4
hfut-Phienox	 93.29	 0.39	 0.29	 0.32	 71.58	 21.11	 35.2	 1.27	 0.27	 5
hfut-Phienox	 11.01	 0.37	 0.17	 0.46	 83.38	 30.41	 33.88	 1.27	 0.27	 6
hfut-Phienox	 13.86	 0.34	 0.13	 0.53	 70.65	 34.88	 28.02	 1.27	 0.27	 7
image_dragon	 36.48	 0.29	 0.46	 0.25	 92.42	 20.51	 44.4	 0.84	 0.28	 0
image_dragon	 9.12	 0.24	 0.18	 0.58	 84.75	 29.67	 35.26	 0.84	 0.28	 1
image_dragon	 103.25	 0.3	 0.44	 0.25	 84.27	 17.77	 44.29	 0.84	 0.28	 2
image_dragon	 59.84	 0.33	 0.27	 0.4	 77.64	 20.96	 35.34	 0.84	 0.28	 3
image_dragon	 51.17	 0.31	 0.36	 0.34	 77.45	 20.17	 36.45	 0.84	 0.28	 4
image_dragon	 53.48	 0.38	 0.17	 0.44	 70.17	 24.59	 28.67	 0.84	 0.28	 5
image_dragon	 10.14	 0.31	 0.11	 0.58	 85.24	 26.75	 39.2	 0.84	 0.28	 6
image_dragon	 9.34	 0.37	 0.09	 0.54	 81.49	 33.71	 27.71	 0.84	 0.28	 7
