AHUT-SC	 38.27	 21.52	 11.62	 5.18	 1.72	 3.06	 3.73	 2.5	 3.33	 3.29	 2.5	 3.26	 1.42	 0
AHUT-SC	 18.04	 11.71	 19.13	 12.12	 7.43	 10.9	 5.01	 3.05	 2.95	 1.86	 2.17	 1.47	 1.42	 1
AHUT-SC	 34.2	 19.48	 10.15	 5.55	 4.4	 4.52	 3.72	 3.19	 3.35	 4.07	 3.68	 3.69	 1.42	 2
AHUT-SC	 25.96	 17.85	 10.15	 7.25	 6.04	 6.14	 4.78	 4.92	 3.76	 5.48	 3.92	 3.73	 1.42	 3
AHUT-SC	 35.36	 18.17	 9.64	 6.12	 4.55	 4.67	 4.29	 4.38	 2.86	 2.62	 3.24	 4.08	 1.42	 4
AHUT-SC	 32.01	 17.5	 10.46	 6.4	 5.57	 4.89	 5.08	 4.34	 2.47	 3.77	 3.69	 3.82	 1.42	 5
AHUT-SC	 29.46	 13.68	 6.61	 9.03	 2.99	 1.04	 5.87	 2.28	 4.98	 12.03	 3.24	 4.63	 1.42	 6
AHUT-SC	 36.15	 17.18	 4.19	 11.1	 5.46	 3.0	 3.51	 3.79	 6.08	 2.87	 3.7	 2.98	 1.42	 7
Agent2D	 48.23	 17.52	 12.67	 5.95	 4.7	 0.89	 1.34	 2.51	 3.04	 0.44	 2.39	 0.33	 0.83	 0
Agent2D	 55.28	 21.35	 7.67	 9.41	 1.79	 0.65	 1.87	 0.0	 0.34	 0.0	 0.41	 1.25	 0.83	 1
Agent2D	 49.52	 17.71	 7.85	 5.65	 5.28	 2.65	 2.95	 2.11	 2.01	 1.55	 1.6	 1.12	 0.83	 2
Agent2D	 47.51	 18.33	 11.13	 6.52	 4.56	 3.51	 1.25	 1.42	 1.29	 1.34	 1.22	 1.9	 0.83	 3
Agent2D	 42.29	 18.7	 10.66	 4.87	 4.53	 2.99	 3.17	 3.16	 2.63	 2.68	 1.85	 2.47	 0.83	 4
Agent2D	 21.8	 15.44	 13.12	 7.62	 6.68	 5.13	 4.11	 4.88	 5.79	 4.93	 4.49	 6.01	 0.83	 5
Agent2D	 43.45	 10.36	 5.83	 8.93	 3.33	 0.0	 4.17	 5.83	 5.0	 1.67	 6.43	 5.0	 0.83	 6
Agent2D	 57.18	 5.39	 9.04	 1.83	 4.05	 7.41	 3.07	 2.56	 1.57	 3.3	 0.64	 3.95	 0.83	 7
Agent2D_Base	 60.87	 20.24	 8.96	 4.09	 1.6	 0.8	 0.72	 0.59	 0.57	 0.42	 0.54	 0.58	 1.94	 0
Agent2D_Base	 64.18	 15.75	 6.25	 3.48	 2.1	 1.56	 1.28	 1.11	 0.99	 1.02	 0.92	 1.36	 1.94	 1
Agent2D_Base	 70.08	 15.3	 5.48	 2.62	 1.44	 1.19	 0.89	 0.66	 0.64	 0.55	 0.62	 0.55	 1.94	 2
Agent2D_Base	 59.73	 17.42	 7.87	 4.0	 2.56	 1.61	 1.28	 1.2	 0.88	 1.05	 1.05	 1.33	 1.94	 3
Agent2D_Base	 39.8	 20.63	 11.34	 5.8	 2.72	 2.95	 2.48	 2.73	 2.76	 2.76	 2.74	 2.88	 1.94	 4
Agent2D_Base	 30.59	 15.4	 10.23	 6.38	 4.88	 4.92	 4.06	 3.58	 4.08	 4.52	 5.25	 6.12	 1.94	 5
Agent2D_Base	 27.87	 16.77	 10.94	 6.22	 6.88	 5.62	 7.04	 4.45	 4.72	 2.95	 3.0	 3.56	 1.94	 6
Agent2D_Base	 41.22	 9.0	 6.2	 6.3	 5.84	 4.58	 4.96	 4.63	 4.22	 4.25	 4.63	 3.76	 1.94	 7
Alice	 44.52	 17.92	 10.89	 6.9	 4.38	 3.33	 3.2	 2.27	 1.72	 1.73	 1.57	 1.56	 1.45	 0
Alice	 28.81	 17.56	 11.57	 10.04	 6.25	 4.9	 3.9	 3.53	 3.15	 3.47	 3.1	 3.49	 1.45	 1
Alice	 30.63	 15.9	 10.7	 8.44	 6.36	 5.98	 4.97	 3.86	 3.65	 3.3	 3.23	 2.99	 1.45	 2
Alice	 28.98	 17.58	 11.82	 8.46	 6.41	 5.7	 4.29	 3.58	 3.25	 3.3	 3.08	 3.55	 1.45	 3
Alice	 25.71	 14.28	 10.77	 7.85	 6.08	 6.34	 5.88	 4.4	 4.79	 4.97	 4.43	 4.5	 1.45	 4
Alice	 18.66	 14.41	 11.09	 9.19	 7.37	 6.77	 6.4	 5.52	 5.29	 5.21	 4.92	 5.18	 1.45	 5
Alice	 33.32	 19.56	 11.0	 7.85	 5.19	 4.43	 4.41	 2.89	 2.99	 2.79	 2.55	 3.02	 1.45	 6
Alice	 34.71	 11.3	 11.21	 7.52	 6.16	 5.25	 4.76	 3.79	 3.73	 3.62	 3.79	 3.86	 1.45	 7
Apollo2D	 54.77	 10.91	 13.42	 6.59	 3.05	 3.69	 1.02	 0.66	 1.96	 0.88	 2.04	 1.03	 0.28	 0
Apollo2D	 55.58	 15.64	 5.81	 9.42	 2.57	 7.08	 0.11	 0.19	 1.35	 0.25	 0.57	 1.43	 0.28	 1
Apollo2D	 51.37	 18.38	 9.65	 5.03	 4.92	 2.89	 1.62	 2.02	 1.14	 0.94	 1.02	 1.02	 0.28	 2
Apollo2D	 57.41	 16.26	 7.94	 4.57	 2.93	 2.81	 1.42	 1.96	 1.21	 1.01	 1.22	 1.26	 0.28	 3
Apollo2D	 44.57	 17.76	 9.87	 6.2	 4.26	 3.91	 2.75	 2.02	 2.09	 1.88	 2.28	 2.41	 0.28	 4
Apollo2D	 40.09	 14.52	 9.26	 6.21	 5.02	 4.63	 3.1	 2.79	 3.65	 2.93	 4.34	 3.43	 0.28	 5
Apollo2D	 34.45	 16.44	 4.65	 9.22	 11.34	 1.76	 4.2	 2.7	 6.66	 1.57	 1.08	 5.01	 0.28	 6
Apollo2D	 58.47	 4.68	 4.12	 9.7	 4.6	 1.79	 6.97	 1.31	 3.6	 1.2	 1.4	 2.16	 0.28	 7
Apollo2D3	 48.53	 19.11	 9.95	 5.7	 3.59	 2.35	 2.77	 1.4	 1.56	 1.27	 1.23	 2.55	 0.56	 0
Apollo2D3	 38.88	 20.58	 10.46	 8.33	 4.72	 4.09	 2.24	 1.91	 1.62	 2.73	 1.96	 1.08	 0.56	 1
Apollo2D3	 46.34	 18.21	 10.6	 6.29	 4.59	 3.31	 2.91	 1.83	 1.63	 1.22	 1.48	 1.58	 0.56	 2
Apollo2D3	 45.73	 19.6	 9.94	 6.38	 4.18	 2.8	 2.64	 1.97	 1.58	 1.82	 1.57	 1.78	 0.56	 3
Apollo2D3	 38.45	 19.32	 10.61	 5.4	 3.86	 4.57	 3.86	 3.25	 2.88	 2.5	 2.24	 3.07	 0.56	 4
Apollo2D3	 30.61	 18.05	 11.3	 7.66	 5.29	 4.96	 3.64	 3.39	 3.69	 3.9	 3.16	 4.33	 0.56	 5
Apollo2D3	 42.17	 16.13	 11.48	 7.16	 3.23	 0.88	 4.38	 2.44	 3.26	 2.38	 3.57	 2.92	 0.56	 6
Apollo2D3	 45.3	 13.66	 8.5	 7.05	 4.6	 3.23	 2.41	 3.52	 2.47	 3.63	 2.69	 1.76	 0.56	 7
CSU_Yunlu	 46.18	 19.33	 10.36	 6.06	 3.46	 3.15	 2.4	 2.25	 1.27	 1.91	 1.37	 2.27	 1.17	 0
CSU_Yunlu	 29.34	 17.57	 12.74	 7.87	 8.2	 4.32	 5.05	 2.95	 1.77	 3.63	 3.6	 2.95	 1.17	 1
CSU_Yunlu	 41.36	 18.7	 10.29	 7.04	 4.76	 3.09	 2.91	 2.56	 2.14	 2.22	 2.5	 2.43	 1.17	 2
CSU_Yunlu	 40.79	 19.54	 10.48	 6.29	 5.39	 3.19	 2.32	 2.09	 2.15	 2.64	 2.86	 2.27	 1.17	 3
CSU_Yunlu	 34.5	 16.55	 11.21	 6.85	 4.82	 4.13	 3.68	 3.78	 2.68	 4.52	 3.62	 3.65	 1.17	 4
CSU_Yunlu	 21.2	 14.87	 10.14	 8.44	 6.37	 5.77	 6.82	 5.3	 5.6	 4.73	 4.54	 6.23	 1.17	 5
CSU_Yunlu	 43.09	 15.35	 8.22	 5.24	 5.13	 3.05	 3.51	 5.58	 1.97	 2.9	 1.89	 1.78	 1.17	 6
CSU_Yunlu	 43.36	 6.39	 3.26	 6.99	 4.44	 6.83	 5.73	 1.05	 9.59	 6.67	 2.9	 2.79	 1.17	 7
CSU_Yunlu_2020	 100.0	 0.0	 0.0	 0.0	 0.0	 0.0	 0.0	 0.0	 0.0	 0.0	 0.0	 0.0	 0.0	 0
CSU_Yunlu_2020	 0.0	 0.0	 0.0	 0.0	 33.33	 33.33	 0.0	 0.0	 0.0	 33.33	 0.0	 0.0	 0.0	 1
CSU_Yunlu_2020	 65.0	 7.14	 5.71	 2.14	 0.71	 2.86	 5.0	 2.86	 2.14	 2.86	 0.71	 2.86	 0.0	 2
CSU_Yunlu_2020	 72.97	 2.7	 10.81	 2.7	 0.0	 5.41	 0.0	 0.0	 2.7	 0.0	 2.7	 0.0	 0.0	 3
CSU_Yunlu_2020	 68.97	 10.34	 6.9	 6.9	 0.0	 0.0	 0.0	 3.45	 0.0	 0.0	 3.45	 0.0	 0.0	 4
CSU_Yunlu_2020	 68.63	 5.88	 5.88	 3.92	 1.96	 1.96	 3.92	 1.96	 1.96	 0.0	 3.92	 0.0	 0.0	 5
CSU_Yunlu_2020	 81.82	 9.09	 9.09	 0.0	 0.0	 0.0	 0.0	 0.0	 0.0	 0.0	 0.0	 0.0	 0.0	 6
CSU_Yunlu_2020	 30.0	 10.0	 6.67	 10.0	 0.0	 6.67	 3.33	 3.33	 3.33	 10.0	 6.67	 10.0	 0.0	 7
CYRUS2018	 27.28	 19.11	 13.82	 11.33	 8.01	 4.86	 3.48	 2.49	 1.94	 2.37	 2.34	 2.78	 1.38	 0
CYRUS2018	 17.07	 13.21	 14.07	 10.96	 7.06	 7.39	 6.83	 6.13	 3.68	 4.39	 4.4	 4.81	 1.38	 1
CYRUS2018	 24.46	 19.33	 14.37	 9.99	 6.68	 5.12	 4.39	 3.59	 3.19	 3.1	 2.65	 3.14	 1.38	 2
CYRUS2018	 23.35	 17.98	 13.89	 9.8	 7.27	 6.06	 4.88	 4.03	 3.69	 3.09	 2.93	 3.04	 1.38	 3
CYRUS2018	 21.7	 16.41	 14.11	 9.29	 6.33	 6.09	 5.72	 4.9	 4.22	 3.86	 3.96	 3.41	 1.38	 4
CYRUS2018	 17.65	 14.93	 11.91	 9.9	 7.06	 7.41	 6.57	 6.12	 4.8	 4.73	 4.46	 4.47	 1.38	 5
CYRUS2018	 18.37	 16.92	 16.17	 15.07	 7.53	 5.16	 4.18	 3.45	 3.76	 1.89	 2.54	 1.44	 1.38	 6
CYRUS2018	 44.35	 8.57	 8.66	 6.65	 5.1	 5.04	 4.86	 3.9	 3.5	 2.72	 2.27	 2.98	 1.38	 7
CYRUS2019	 35.18	 26.04	 14.27	 6.15	 5.14	 4.94	 1.55	 0.5	 1.38	 1.53	 2.18	 1.15	 0.33	 0
CYRUS2019	 25.39	 30.51	 5.9	 5.9	 8.46	 11.02	 5.13	 0.0	 5.13	 0.0	 0.0	 2.56	 0.33	 1
CYRUS2019	 28.65	 20.58	 12.53	 8.99	 3.73	 4.06	 3.68	 4.37	 2.99	 1.99	 4.37	 4.06	 0.33	 2
CYRUS2019	 31.97	 26.31	 14.82	 6.16	 4.41	 3.24	 3.25	 2.04	 2.03	 0.92	 3.27	 1.59	 0.33	 3
CYRUS2019	 26.11	 18.05	 8.53	 8.25	 2.78	 8.06	 5.95	 0.0	 8.06	 1.39	 11.23	 1.59	 0.33	 4
CYRUS2019	 19.32	 15.62	 11.91	 7.25	 4.22	 12.95	 8.81	 5.84	 3.4	 1.55	 5.7	 3.4	 0.33	 5
CYRUS2019	 50.0	 0.0	 0.0	 50.0	 0.0	 0.0	 0.0	 0.0	 0.0	 0.0	 0.0	 0.0	 0.33	 6
CYRUS2019	 16.66	 30.0	 0.0	 0.0	 0.0	 0.0	 0.0	 16.66	 0.0	 10.0	 10.0	 16.66	 0.33	 7
FRA-UNIted	 27.02	 14.9	 12.5	 8.55	 6.34	 6.1	 5.47	 5.51	 3.87	 3.54	 3.07	 3.14	 1.05	 0
FRA-UNIted	 18.54	 12.93	 11.03	 11.23	 8.26	 7.07	 5.52	 6.5	 5.39	 4.65	 4.35	 3.79	 1.05	 1
FRA-UNIted	 22.53	 11.26	 11.42	 10.05	 8.11	 6.29	 6.42	 6.89	 5.73	 4.91	 3.28	 3.11	 1.05	 2
FRA-UNIted	 13.36	 10.67	 11.98	 12.0	 8.9	 7.85	 7.86	 7.83	 7.21	 4.88	 3.91	 3.55	 1.05	 3
FRA-UNIted	 25.0	 13.75	 11.33	 9.51	 7.94	 6.0	 6.68	 5.68	 4.7	 3.7	 2.87	 2.84	 1.05	 4
FRA-UNIted	 14.99	 11.71	 12.7	 11.83	 8.35	 7.53	 6.54	 7.83	 6.76	 4.85	 3.68	 3.24	 1.05	 5
FRA-UNIted	 33.76	 13.46	 12.43	 9.44	 5.09	 4.42	 4.12	 4.65	 3.55	 3.36	 2.57	 1.82	 1.05	 6
FRA-UNIted	 31.78	 9.87	 10.5	 13.37	 12.53	 4.2	 4.09	 2.29	 1.43	 2.77	 2.53	 2.82	 1.05	 7
Fractals2019	 24.21	 28.77	 9.72	 13.1	 4.17	 4.17	 5.56	 0.0	 4.76	 0.0	 0.0	 5.56	 0.0	 0
Fractals2019	 30.0	 6.67	 0.0	 33.33	 0.0	 0.0	 6.67	 0.0	 0.0	 23.33	 0.0	 0.0	 0.0	 1
Fractals2019	 35.05	 21.76	 8.21	 4.73	 5.74	 1.52	 3.95	 6.31	 4.9	 0.0	 0.74	 7.09	 0.0	 2
Fractals2019	 37.19	 17.79	 12.46	 10.06	 1.86	 3.27	 3.06	 1.91	 2.44	 3.08	 3.09	 3.8	 0.0	 3
Fractals2019	 22.72	 23.6	 15.08	 10.59	 5.51	 7.68	 3.33	 1.67	 2.9	 1.45	 1.28	 4.18	 0.0	 4
Fractals2019	 22.4	 16.47	 10.38	 8.62	 16.45	 8.77	 6.06	 0.0	 0.0	 0.0	 3.03	 7.81	 0.0	 5
Fractals2019	 40.0	 30.0	 0.0	 0.0	 16.67	 0.0	 6.67	 0.0	 0.0	 0.0	 0.0	 6.67	 0.0	 6
Fractals2019	 41.67	 16.67	 0.0	 0.0	 0.0	 0.0	 8.33	 0.0	 0.0	 0.0	 33.33	 0.0	 0.0	 7
GLD	 50.98	 18.94	 9.83	 5.42	 3.04	 1.37	 2.06	 1.79	 0.98	 1.92	 1.65	 2.02	 0.92	 0
GLD	 53.46	 28.97	 3.07	 4.87	 1.78	 0.0	 1.52	 4.5	 0.93	 0.45	 0.0	 0.45	 0.92	 1
GLD	 46.29	 17.5	 9.27	 6.86	 3.8	 3.26	 3.51	 2.91	 2.42	 1.66	 1.23	 1.3	 0.92	 2
GLD	 40.87	 19.48	 10.79	 7.02	 3.49	 2.93	 2.65	 2.4	 3.17	 1.86	 2.25	 3.09	 0.92	 3
GLD	 38.88	 19.06	 8.32	 5.59	 4.14	 3.03	 4.3	 3.54	 3.69	 3.07	 3.32	 3.07	 0.92	 4
GLD	 23.84	 13.66	 9.79	 7.34	 8.03	 7.49	 3.77	 4.35	 4.28	 6.38	 6.42	 4.65	 0.92	 5
GLD	 43.43	 23.43	 3.43	 0.0	 1.43	 5.0	 6.43	 0.0	 3.43	 0.0	 3.43	 0.0	 0.92	 6
GLD	 60.36	 11.43	 8.31	 4.17	 3.52	 1.19	 1.19	 4.2	 0.0	 1.19	 1.67	 2.78	 0.92	 7
HELIOS2018	 40.59	 18.22	 12.0	 6.7	 3.8	 3.3	 3.15	 2.47	 2.65	 2.56	 2.29	 2.26	 2.43	 0
HELIOS2018	 25.91	 16.19	 11.86	 7.83	 7.16	 6.05	 5.12	 5.14	 4.22	 4.08	 3.27	 3.16	 2.43	 1
HELIOS2018	 34.5	 17.39	 10.46	 6.73	 5.19	 4.83	 4.47	 3.95	 3.57	 3.28	 2.92	 2.71	 2.43	 2
HELIOS2018	 23.59	 15.04	 10.45	 8.0	 7.01	 6.35	 6.34	 5.31	 4.81	 4.67	 4.43	 3.99	 2.43	 3
HELIOS2018	 28.83	 15.66	 10.34	 7.12	 6.4	 6.19	 5.27	 4.71	 4.59	 4.08	 3.82	 2.99	 2.43	 4
HELIOS2018	 20.24	 14.17	 10.84	 8.39	 7.59	 7.39	 6.85	 5.46	 5.21	 4.91	 4.4	 4.55	 2.43	 5
HELIOS2018	 33.84	 15.54	 13.27	 7.5	 4.57	 3.05	 3.75	 4.6	 3.28	 3.41	 3.43	 2.54	 2.43	 6
HELIOS2018	 29.68	 12.6	 12.37	 8.26	 5.0	 5.57	 5.39	 3.85	 4.56	 4.35	 4.36	 3.73	 2.43	 7
HELIOS2019	 23.91	 25.3	 12.1	 3.92	 8.98	 11.06	 0.79	 6.6	 1.83	 1.04	 3.42	 1.04	 0.33	 0
HELIOS2019	 18.59	 11.86	 6.73	 21.79	 0.0	 8.33	 9.29	 2.56	 4.17	 0.0	 8.33	 8.33	 0.33	 1
HELIOS2019	 30.59	 17.77	 9.82	 6.47	 4.11	 5.96	 5.33	 5.01	 3.28	 6.49	 3.1	 2.08	 0.33	 2
HELIOS2019	 22.48	 17.04	 11.19	 8.83	 6.09	 7.97	 7.43	 3.71	 4.27	 4.06	 2.82	 4.12	 0.33	 3
HELIOS2019	 35.68	 11.98	 11.88	 5.61	 5.76	 2.47	 10.21	 4.78	 5.76	 3.55	 1.33	 0.98	 0.33	 4
HELIOS2019	 17.28	 18.48	 12.07	 3.71	 5.42	 7.59	 10.97	 9.64	 5.16	 3.97	 3.71	 2.01	 0.33	 5
HELIOS2019	 29.63	 7.41	 3.7	 7.41	 0.0	 0.0	 14.81	 0.0	 0.0	 3.7	 33.33	 0.0	 0.33	 6
HELIOS2019	 54.44	 25.56	 0.0	 6.67	 0.0	 0.0	 0.0	 0.0	 3.33	 6.67	 3.33	 0.0	 0.33	 7
Hfut2018GS	 51.35	 18.88	 9.42	 6.17	 3.46	 2.55	 2.12	 1.38	 1.4	 1.26	 0.81	 0.93	 1.35	 0
Hfut2018GS	 36.78	 19.2	 9.91	 7.98	 5.32	 4.45	 3.66	 3.04	 3.15	 2.11	 2.3	 2.03	 1.35	 1
Hfut2018GS	 44.24	 18.62	 11.21	 5.96	 4.22	 3.29	 2.66	 2.06	 2.01	 2.06	 1.86	 1.76	 1.35	 2
Hfut2018GS	 37.55	 19.12	 10.73	 6.72	 4.88	 3.9	 3.32	 2.99	 2.68	 2.74	 2.67	 2.7	 1.35	 3
Hfut2018GS	 35.42	 17.26	 11.56	 7.06	 5.09	 4.58	 3.93	 3.2	 3.19	 3.16	 2.63	 2.85	 1.35	 4
Hfut2018GS	 26.4	 16.28	 10.84	 7.7	 5.98	 5.66	 4.82	 5.19	 4.34	 4.09	 4.13	 4.51	 1.35	 5
Hfut2018GS	 32.41	 18.73	 12.54	 8.34	 4.9	 4.01	 3.11	 3.01	 3.55	 2.68	 3.12	 3.13	 1.35	 6
Hfut2018GS	 35.08	 11.8	 9.34	 7.92	 5.01	 5.78	 4.62	 4.49	 4.32	 4.26	 3.6	 3.7	 1.35	 7
HfutEngine2017	 52.2	 18.05	 9.31	 6.63	 3.23	 2.71	 2.07	 1.37	 1.41	 1.4	 0.81	 0.82	 1.12	 0
HfutEngine2017	 36.24	 19.29	 11.79	 6.35	 4.48	 4.16	 3.29	 2.91	 2.86	 2.99	 2.9	 2.76	 1.12	 1
HfutEngine2017	 43.89	 18.55	 10.52	 6.58	 3.98	 3.34	 2.57	 2.33	 2.24	 2.26	 1.87	 1.86	 1.12	 2
HfutEngine2017	 37.19	 18.46	 10.63	 6.93	 4.58	 4.31	 3.7	 2.99	 2.92	 2.8	 2.81	 2.68	 1.12	 3
HfutEngine2017	 35.17	 16.88	 11.03	 8.01	 5.2	 4.36	 4.12	 3.61	 2.49	 2.96	 3.23	 2.92	 1.12	 4
HfutEngine2017	 26.04	 16.38	 10.8	 8.0	 5.9	 5.63	 5.18	 4.57	 4.33	 4.25	 4.35	 4.56	 1.12	 5
HfutEngine2017	 33.94	 20.64	 10.56	 8.19	 4.77	 4.63	 3.76	 2.65	 2.73	 3.12	 2.67	 2.33	 1.12	 6
HfutEngine2017	 30.88	 14.43	 9.76	 7.17	 6.82	 6.0	 4.75	 4.85	 3.67	 3.83	 4.35	 3.48	 1.12	 7
HfutEngine2019	 47.96	 19.43	 11.37	 6.64	 3.84	 2.75	 2.31	 1.72	 1.31	 0.87	 0.96	 0.82	 1.03	 0
HfutEngine2019	 28.91	 16.5	 11.05	 7.82	 6.2	 5.98	 4.08	 5.08	 3.5	 4.04	 3.86	 2.98	 1.03	 1
HfutEngine2019	 39.06	 18.36	 10.57	 6.51	 4.86	 4.28	 3.71	 3.08	 2.69	 2.51	 2.14	 2.23	 1.03	 2
HfutEngine2019	 29.67	 18.36	 11.77	 7.88	 5.93	 5.2	 4.29	 3.53	 3.63	 3.48	 2.96	 3.29	 1.03	 3
HfutEngine2019	 32.95	 16.93	 11.11	 7.09	 4.71	 4.49	 4.16	 3.81	 3.88	 3.69	 3.58	 3.58	 1.03	 4
HfutEngine2019	 22.33	 15.5	 11.38	 8.72	 7.17	 6.21	 5.65	 5.03	 4.29	 4.91	 4.43	 4.37	 1.03	 5
HfutEngine2019	 33.03	 20.23	 12.95	 8.6	 5.52	 3.93	 3.69	 2.12	 2.65	 2.8	 2.27	 2.22	 1.03	 6
HfutEngine2019	 32.71	 10.73	 10.57	 7.96	 7.17	 5.87	 4.87	 4.08	 4.32	 4.39	 3.76	 3.57	 1.03	 7
HfutEngine2020	 81.82	 0.0	 0.0	 9.09	 0.0	 0.0	 0.0	 0.0	 0.0	 0.0	 9.09	 0.0	 2.0	 0
HfutEngine2020	 83.33	 0.0	 0.0	 0.0	 0.0	 0.0	 0.0	 16.67	 0.0	 0.0	 0.0	 0.0	 2.0	 1
HfutEngine2020	 66.67	 10.42	 5.21	 7.29	 1.04	 2.08	 1.04	 0.0	 1.04	 1.04	 3.12	 1.04	 2.0	 2
HfutEngine2020	 72.54	 5.63	 7.75	 6.34	 0.7	 0.0	 0.7	 0.7	 1.41	 2.11	 0.7	 1.41	 2.0	 3
HfutEngine2020	 65.91	 4.55	 4.55	 9.09	 0.0	 4.55	 2.27	 0.0	 2.27	 2.27	 2.27	 2.27	 2.0	 4
HfutEngine2020	 64.55	 10.0	 5.45	 3.64	 0.91	 1.82	 2.73	 1.82	 0.91	 4.55	 2.73	 0.91	 2.0	 5
HfutEngine2020	 50.0	 25.0	 0.0	 0.0	 12.5	 0.0	 0.0	 0.0	 0.0	 0.0	 12.5	 0.0	 2.0	 6
HfutEngine2020	 78.57	 0.0	 7.14	 0.0	 0.0	 0.0	 7.14	 0.0	 7.14	 0.0	 0.0	 0.0	 2.0	 7
Luna2D_19	 54.66	 22.84	 8.61	 3.53	 1.52	 0.85	 1.12	 2.65	 1.63	 1.06	 0.15	 1.4	 0.32	 0
Luna2D_19	 68.45	 10.64	 4.95	 1.78	 1.82	 1.56	 1.56	 0.0	 0.26	 0.0	 2.46	 0.26	 0.32	 1
Luna2D_19	 48.19	 17.46	 8.94	 4.97	 3.3	 3.29	 2.37	 2.17	 2.35	 2.46	 2.35	 2.13	 0.32	 2
Luna2D_19	 36.3	 19.49	 9.39	 5.19	 4.86	 4.5	 3.42	 2.65	 3.26	 2.33	 4.5	 4.1	 0.32	 3
Luna2D_19	 37.74	 18.82	 12.15	 5.66	 3.19	 4.41	 3.77	 3.63	 3.03	 2.66	 2.19	 2.77	 0.32	 4
Luna2D_19	 25.77	 18.62	 10.53	 8.66	 5.59	 4.84	 4.53	 4.51	 5.17	 4.85	 3.89	 3.01	 0.32	 5
Luna2D_19	 40.27	 23.76	 1.82	 5.72	 4.92	 2.4	 7.72	 1.71	 0.56	 1.83	 2.21	 2.08	 0.32	 6
Luna2D_19	 45.57	 11.78	 6.35	 5.88	 2.85	 5.66	 1.67	 6.61	 3.0	 4.29	 3.38	 2.97	 0.32	 7
MT	 45.4	 11.27	 1.9	 5.06	 5.95	 5.13	 0.0	 0.0	 10.14	 0.0	 1.9	 11.14	 0.53	 0
MT	 44.79	 5.76	 5.23	 5.23	 12.15	 6.88	 0.0	 4.08	 0.0	 0.0	 0.0	 13.76	 0.53	 1
MT	 64.43	 7.63	 5.14	 4.45	 4.77	 1.62	 1.59	 1.6	 2.22	 2.2	 1.26	 0.95	 0.53	 2
MT	 58.89	 10.58	 3.46	 4.43	 1.72	 4.19	 2.47	 0.97	 6.97	 1.72	 1.23	 1.23	 0.53	 3
MT	 73.5	 5.69	 1.95	 0.0	 2.77	 1.79	 1.82	 1.95	 6.52	 0.0	 1.89	 0.0	 0.53	 4
MT	 56.52	 6.98	 8.52	 3.94	 2.76	 3.23	 1.93	 1.0	 1.37	 1.68	 0.99	 8.94	 0.53	 5
MT	 36.32	 11.54	 0.0	 0.0	 0.0	 0.0	 0.0	 0.0	 38.89	 10.68	 0.0	 0.0	 0.53	 6
MT	 60.73	 0.0	 6.65	 0.0	 0.0	 0.0	 12.77	 0.0	 0.0	 0.0	 7.18	 10.55	 0.53	 7
MT2018	 43.72	 19.63	 11.15	 7.18	 3.97	 3.3	 2.71	 2.3	 1.68	 1.64	 1.36	 1.37	 1.01	 0
MT2018	 29.97	 18.04	 10.84	 8.32	 6.27	 4.91	 3.46	 4.25	 3.29	 2.28	 2.38	 4.52	 1.01	 1
MT2018	 39.33	 18.2	 11.51	 6.56	 5.07	 3.58	 3.02	 2.7	 2.47	 2.94	 2.41	 2.2	 1.01	 2
MT2018	 34.01	 18.57	 10.88	 7.92	 5.9	 4.65	 3.61	 3.24	 3.09	 2.9	 2.56	 2.66	 1.01	 3
MT2018	 33.86	 16.68	 10.75	 7.99	 5.06	 4.91	 4.06	 4.49	 3.63	 3.32	 2.19	 3.05	 1.01	 4
MT2018	 25.65	 16.17	 11.48	 8.17	 6.42	 5.42	 4.99	 4.53	 4.34	 4.39	 4.39	 4.05	 1.01	 5
MT2018	 35.89	 20.51	 12.83	 6.22	 2.86	 2.87	 2.49	 4.87	 1.61	 3.01	 1.93	 3.68	 1.01	 6
MT2018	 45.82	 11.7	 9.1	 6.06	 5.41	 2.95	 2.58	 2.5	 2.56	 2.83	 5.41	 2.81	 1.01	 7
MT2018SJB	 46.56	 19.2	 9.34	 5.58	 3.76	 3.28	 2.68	 2.35	 2.07	 1.88	 1.64	 1.65	 1.14	 0
MT2018SJB	 29.43	 17.76	 12.01	 8.82	 7.12	 5.62	 4.75	 3.72	 3.03	 2.93	 2.06	 2.44	 1.14	 1
MT2018SJB	 45.13	 18.15	 8.73	 5.1	 4.03	 3.31	 2.96	 2.67	 2.79	 2.54	 2.26	 2.34	 1.14	 2
MT2018SJB	 31.32	 16.98	 10.4	 7.78	 6.45	 5.52	 4.62	 3.77	 3.72	 3.36	 3.02	 3.06	 1.14	 3
MT2018SJB	 35.83	 17.09	 9.54	 6.29	 5.23	 4.87	 4.21	 3.86	 3.73	 3.49	 3.11	 2.76	 1.14	 4
MT2018SJB	 25.4	 15.38	 10.29	 8.0	 7.33	 6.64	 5.28	 4.94	 4.35	 4.27	 3.9	 4.25	 1.14	 5
MT2018SJB	 32.39	 17.84	 10.21	 6.85	 5.95	 4.37	 3.98	 4.13	 3.45	 2.73	 3.36	 3.58	 1.14	 6
MT2018SJB	 40.63	 10.3	 8.06	 7.23	 5.4	 4.47	 5.42	 4.19	 3.51	 3.5	 2.91	 3.81	 1.14	 7
MT2018SS	 46.4	 19.02	 8.98	 5.03	 4.03	 3.26	 3.09	 2.41	 2.13	 2.27	 1.57	 1.83	 1.06	 0
MT2018SS	 27.56	 19.55	 13.84	 8.14	 6.39	 5.25	 4.6	 3.79	 2.49	 2.6	 2.63	 2.56	 1.06	 1
MT2018SS	 44.19	 17.95	 8.83	 5.42	 4.21	 3.43	 3.22	 2.93	 2.75	 2.39	 2.33	 2.34	 1.06	 2
MT2018SS	 32.34	 16.77	 9.78	 7.9	 6.62	 5.51	 4.63	 3.78	 3.46	 3.3	 2.96	 2.94	 1.06	 3
MT2018SS	 34.09	 16.43	 9.24	 6.81	 5.66	 5.19	 4.66	 4.14	 3.88	 3.73	 3.12	 3.07	 1.06	 4
MT2018SS	 25.38	 16.13	 10.41	 8.29	 6.9	 6.54	 5.72	 4.91	 4.53	 3.83	 3.62	 3.73	 1.06	 5
MT2018SS	 28.98	 19.84	 8.63	 7.62	 5.3	 6.33	 4.19	 3.35	 3.0	 3.57	 3.56	 3.59	 1.06	 6
MT2018SS	 37.0	 10.78	 8.69	 7.02	 6.73	 6.75	 4.82	 4.76	 3.82	 3.08	 3.33	 3.06	 1.06	 7
MT2019	 47.54	 18.94	 9.36	 5.02	 2.52	 4.17	 3.04	 2.04	 2.18	 1.94	 1.58	 1.68	 1.04	 0
MT2019	 31.75	 18.22	 12.96	 8.8	 5.95	 5.02	 4.07	 2.77	 4.04	 2.64	 2.23	 1.55	 1.04	 1
MT2019	 44.17	 18.09	 8.97	 5.32	 4.11	 3.73	 2.91	 2.71	 2.51	 2.7	 2.28	 2.53	 1.04	 2
MT2019	 31.33	 16.8	 9.99	 7.55	 6.9	 5.77	 4.6	 3.96	 3.43	 3.29	 3.0	 3.39	 1.04	 3
MT2019	 34.97	 17.39	 8.5	 7.01	 5.11	 4.48	 5.08	 3.61	 3.88	 3.75	 3.26	 2.97	 1.04	 4
MT2019	 26.05	 15.78	 10.2	 8.41	 7.31	 6.2	 5.84	 4.64	 4.67	 3.45	 3.61	 3.85	 1.04	 5
MT2019	 30.16	 17.88	 11.91	 6.2	 6.54	 5.84	 4.77	 3.05	 3.46	 4.25	 1.49	 4.45	 1.04	 6
MT2019	 38.6	 9.25	 9.19	 6.61	 5.59	 5.55	 3.83	 4.69	 5.07	 4.8	 4.52	 2.3	 1.04	 7
Miracle2018GS	 53.52	 16.7	 10.46	 6.35	 3.71	 3.3	 1.22	 1.07	 0.64	 1.53	 0.64	 0.85	 1.0	 0
Miracle2018GS	 32.5	 16.81	 12.56	 9.14	 6.34	 3.86	 3.23	 1.94	 4.11	 2.62	 3.93	 2.96	 1.0	 1
Miracle2018GS	 43.66	 17.93	 9.63	 6.08	 4.3	 3.4	 2.19	 2.65	 3.3	 2.35	 2.32	 2.2	 1.0	 2
Miracle2018GS	 38.53	 17.68	 10.17	 7.81	 5.02	 3.84	 3.73	 2.58	 2.8	 2.42	 2.69	 2.72	 1.0	 3
Miracle2018GS	 35.34	 15.23	 10.71	 7.08	 4.85	 4.26	 4.43	 3.47	 4.2	 3.43	 3.51	 3.47	 1.0	 4
Miracle2018GS	 30.51	 16.17	 12.13	 9.24	 5.21	 5.35	 3.83	 3.43	 3.37	 3.79	 3.36	 3.6	 1.0	 5
Miracle2018GS	 36.57	 16.78	 8.52	 9.63	 5.07	 3.55	 4.45	 4.27	 2.29	 2.64	 2.81	 2.67	 1.0	 6
Miracle2018GS	 50.32	 10.16	 10.21	 3.89	 5.18	 2.08	 2.21	 2.2	 3.22	 3.3	 2.13	 5.11	 1.0	 7
Miracle2d_1	 44.98	 20.83	 11.52	 10.48	 3.49	 3.12	 2.08	 1.68	 0.61	 0.17	 0.65	 0.39	 0.45	 0
Miracle2d_1	 35.14	 28.12	 16.26	 1.75	 1.94	 1.69	 1.46	 0.5	 1.04	 1.94	 2.43	 1.46	 0.45	 1
Miracle2d_1	 37.55	 16.33	 10.08	 7.07	 5.28	 4.48	 3.0	 3.34	 2.94	 3.87	 2.46	 3.59	 0.45	 2
Miracle2d_1	 27.09	 14.25	 12.0	 8.25	 5.91	 6.96	 4.11	 4.24	 3.78	 3.58	 4.45	 5.38	 0.45	 3
Miracle2d_1	 33.61	 17.72	 9.57	 5.48	 6.34	 3.84	 2.15	 3.81	 3.6	 5.19	 3.3	 5.38	 0.45	 4
Miracle2d_1	 27.08	 17.16	 10.89	 9.62	 6.91	 6.12	 3.5	 3.65	 3.73	 3.63	 4.13	 3.59	 0.45	 5
Miracle2d_1	 42.7	 13.18	 11.7	 9.97	 2.97	 3.41	 3.39	 1.67	 5.83	 1.22	 2.38	 1.6	 0.45	 6
Miracle2d_1	 46.55	 7.96	 8.85	 3.61	 6.67	 0.8	 1.11	 1.11	 9.96	 3.71	 0.8	 3.33	 0.45	 7
Miracle_2D	 47.4	 22.09	 11.65	 5.15	 3.7	 3.51	 1.36	 1.06	 0.7	 1.56	 0.59	 1.23	 0.39	 0
Miracle_2D	 36.25	 17.05	 17.19	 5.23	 6.0	 2.77	 2.98	 2.83	 2.85	 2.85	 2.72	 1.28	 0.39	 1
Miracle_2D	 42.06	 18.7	 10.87	 6.45	 4.43	 2.59	 2.83	 2.37	 2.87	 2.27	 2.25	 2.31	 0.39	 2
Miracle_2D	 37.74	 19.23	 10.83	 6.88	 4.53	 3.55	 3.77	 3.06	 2.31	 2.76	 2.52	 2.82	 0.39	 3
Miracle_2D	 34.67	 18.66	 11.54	 6.11	 4.55	 4.04	 3.28	 3.22	 3.54	 3.5	 3.23	 3.66	 0.39	 4
Miracle_2D	 30.08	 18.62	 11.89	 8.37	 6.5	 4.83	 3.69	 3.63	 3.09	 3.38	 2.84	 3.08	 0.39	 5
Miracle_2D	 38.44	 18.6	 9.83	 7.26	 3.88	 3.92	 2.99	 2.59	 2.51	 2.97	 3.64	 3.38	 0.39	 6
Miracle_2D	 58.74	 6.91	 7.03	 7.04	 2.75	 2.86	 2.73	 2.79	 2.84	 2.29	 1.92	 2.09	 0.39	 7
Namira	 49.06	 19.38	 10.29	 5.87	 3.06	 2.89	 2.72	 1.6	 1.21	 0.94	 1.34	 1.64	 1.02	 0
Namira	 29.75	 17.69	 10.09	 7.11	 8.17	 4.34	 2.92	 2.97	 4.11	 4.67	 2.72	 4.41	 1.02	 1
Namira	 38.84	 18.41	 10.62	 7.0	 4.64	 3.71	 2.95	 3.08	 2.79	 2.84	 2.74	 2.38	 1.02	 2
Namira	 23.23	 14.68	 10.95	 7.39	 6.9	 6.07	 5.21	 5.04	 5.0	 5.42	 4.92	 5.19	 1.02	 3
Namira	 26.55	 16.3	 10.0	 7.44	 6.28	 5.22	 5.37	 5.21	 4.73	 4.42	 4.63	 3.85	 1.02	 4
Namira	 24.55	 15.6	 11.04	 8.14	 6.27	 6.19	 5.58	 4.71	 4.47	 4.67	 3.89	 4.89	 1.02	 5
Namira	 31.77	 23.55	 9.93	 7.73	 6.96	 3.94	 3.57	 2.94	 1.94	 2.94	 2.48	 2.27	 1.02	 6
Namira	 50.53	 9.65	 6.3	 6.72	 3.45	 4.83	 3.37	 2.61	 3.15	 2.86	 3.22	 3.29	 1.02	 7
Newforces2d	 46.98	 16.48	 10.63	 5.68	 5.03	 2.58	 3.23	 1.89	 1.43	 2.11	 1.78	 2.2	 0.27	 0
Newforces2d	 22.69	 16.46	 13.04	 3.03	 10.01	 6.67	 5.02	 1.1	 3.83	 7.18	 2.29	 3.65	 0.27	 1
Newforces2d	 30.79	 15.87	 11.1	 7.63	 5.92	 5.58	 4.32	 3.99	 4.15	 3.52	 3.8	 3.33	 0.27	 2
Newforces2d	 21.85	 16.3	 12.31	 8.88	 7.55	 7.3	 4.8	 4.11	 4.07	 4.15	 4.33	 4.34	 0.27	 3
Newforces2d	 24.25	 13.06	 11.57	 9.17	 6.19	 5.77	 4.68	 5.16	 5.5	 4.88	 5.12	 4.66	 0.27	 4
Newforces2d	 16.24	 15.52	 11.53	 10.29	 7.61	 7.2	 6.36	 5.68	 4.76	 5.29	 4.8	 4.72	 0.27	 5
Newforces2d	 32.22	 14.57	 11.5	 7.43	 5.74	 6.29	 4.82	 5.2	 2.1	 2.5	 4.62	 3.01	 0.27	 6
Newforces2d	 26.27	 15.25	 12.61	 7.66	 6.02	 5.16	 6.23	 3.34	 4.12	 3.99	 4.79	 4.55	 0.27	 7
Oxsy	 20.67	 16.03	 11.53	 7.06	 6.87	 5.65	 5.21	 5.13	 4.5	 4.79	 5.87	 6.47	 1.83	 0
Oxsy	 26.18	 18.58	 11.78	 8.8	 7.9	 5.2	 3.82	 3.4	 3.39	 2.91	 3.74	 4.01	 1.83	 1
Oxsy	 22.61	 16.64	 11.89	 8.53	 8.22	 6.14	 5.26	 4.49	 3.68	 3.7	 4.25	 4.57	 1.83	 2
Oxsy	 25.65	 18.35	 11.78	 8.33	 7.71	 5.47	 4.52	 3.71	 3.46	 3.35	 3.61	 4.05	 1.83	 3
Oxsy	 18.04	 14.17	 11.77	 8.9	 9.61	 6.67	 5.89	 5.08	 4.3	 4.51	 5.15	 5.92	 1.83	 4
Oxsy	 21.56	 15.91	 11.22	 8.87	 9.46	 5.67	 4.28	 4.21	 3.87	 4.48	 4.84	 5.63	 1.83	 5
Oxsy	 17.19	 9.48	 9.43	 9.74	 6.89	 6.63	 6.41	 7.31	 7.08	 5.97	 5.62	 7.02	 1.83	 6
Oxsy	 27.77	 10.21	 9.1	 7.41	 8.5	 5.6	 5.19	 4.45	 5.17	 4.37	 4.89	 6.49	 1.83	 7
Ri-one	 43.5	 22.72	 11.55	 4.46	 2.8	 2.63	 2.74	 2.64	 1.8	 1.65	 1.69	 1.82	 0.35	 0
Ri-one	 43.16	 20.46	 6.9	 3.87	 5.33	 3.49	 2.63	 1.98	 2.08	 2.49	 4.33	 2.24	 0.35	 1
Ri-one	 27.69	 16.76	 12.06	 7.49	 5.92	 4.91	 4.4	 3.98	 4.37	 4.16	 3.76	 4.51	 0.35	 2
Ri-one	 26.62	 16.14	 10.72	 7.6	 5.45	 4.95	 4.62	 5.17	 4.56	 4.74	 4.49	 4.95	 0.35	 3
Ri-one	 20.98	 16.15	 12.04	 10.21	 6.64	 5.98	 5.06	 4.27	 4.88	 4.7	 4.45	 4.64	 0.35	 4
Ri-one	 18.59	 14.78	 10.87	 9.27	 7.15	 7.37	 5.8	 5.18	 5.34	 5.16	 5.35	 5.14	 0.35	 5
Ri-one	 15.35	 15.39	 10.07	 12.23	 17.31	 12.73	 2.88	 2.17	 1.74	 5.0	 1.9	 2.04	 0.35	 6
Ri-one	 37.11	 12.42	 9.67	 9.29	 3.91	 4.53	 3.58	 4.27	 3.84	 3.63	 4.62	 3.12	 0.35	 7
YS-NB190321nv	 39.52	 17.64	 9.39	 6.13	 4.8	 4.02	 3.89	 3.01	 3.02	 2.85	 2.88	 2.86	 0.75	 0
YS-NB190321nv	 27.5	 16.65	 12.38	 8.84	 7.43	 6.19	 5.54	 2.96	 4.13	 3.64	 2.85	 1.89	 0.75	 1
YS-NB190321nv	 37.95	 17.96	 9.64	 6.08	 4.41	 3.71	 3.6	 3.5	 3.38	 3.43	 3.02	 3.32	 0.75	 2
YS-NB190321nv	 28.87	 16.29	 9.37	 7.9	 6.52	 5.56	 5.11	 4.37	 4.37	 3.84	 4.02	 3.79	 0.75	 3
YS-NB190321nv	 34.82	 16.42	 10.68	 6.75	 5.98	 4.92	 4.35	 3.34	 3.24	 2.97	 3.12	 3.4	 0.75	 4
YS-NB190321nv	 28.56	 16.7	 10.54	 7.79	 5.99	 5.19	 4.28	 4.22	 3.91	 3.74	 3.74	 5.33	 0.75	 5
YS-NB190321nv	 29.7	 16.89	 7.95	 6.63	 7.54	 5.74	 3.04	 8.21	 3.7	 4.91	 2.37	 2.42	 0.75	 6
YS-NB190321nv	 56.27	 8.08	 5.68	 4.11	 2.35	 3.13	 3.54	 2.89	 2.19	 4.15	 3.82	 3.77	 0.75	 7
YS-NB190321v	 38.96	 17.86	 9.31	 6.4	 4.71	 4.06	 3.8	 3.23	 2.98	 3.2	 2.69	 2.79	 0.83	 0
YS-NB190321v	 26.77	 17.32	 10.56	 10.22	 7.74	 5.98	 4.67	 4.46	 4.63	 2.47	 2.19	 2.98	 0.83	 1
YS-NB190321v	 37.96	 17.77	 9.3	 5.9	 4.53	 3.8	 3.61	 3.45	 3.48	 3.54	 3.25	 3.42	 0.83	 2
YS-NB190321v	 29.1	 15.83	 10.21	 7.79	 6.24	 5.81	 5.15	 4.29	 4.31	 3.8	 3.81	 3.65	 0.83	 3
YS-NB190321v	 33.54	 17.18	 10.75	 6.69	 5.55	 5.29	 4.27	 3.39	 3.4	 3.7	 3.5	 2.74	 0.83	 4
YS-NB190321v	 28.13	 15.65	 10.63	 8.1	 6.75	 5.57	 5.12	 3.54	 4.1	 3.99	 3.74	 4.68	 0.83	 5
YS-NB190321v	 27.47	 19.04	 9.01	 8.43	 4.78	 8.68	 3.58	 4.38	 3.55	 3.19	 3.76	 4.12	 0.83	 6
YS-NB190321v	 55.74	 6.65	 5.34	 4.8	 5.06	 3.85	 3.24	 3.4	 3.49	 2.82	 2.47	 3.16	 0.83	 7
YS-SC4231-0409	 43.63	 18.03	 10.22	 6.24	 3.91	 3.81	 3.12	 2.83	 2.41	 2.32	 1.59	 1.89	 1.47	 0
YS-SC4231-0409	 20.94	 14.56	 11.57	 8.14	 8.58	 4.95	 5.51	 4.95	 4.21	 5.18	 5.36	 5.11	 1.47	 1
YS-SC4231-0409	 41.62	 18.04	 9.27	 5.8	 3.92	 3.23	 3.25	 3.03	 3.27	 2.95	 2.84	 2.8	 1.47	 2
YS-SC4231-0409	 29.85	 14.83	 10.05	 7.84	 7.0	 6.05	 4.65	 3.78	 3.97	 3.77	 4.31	 3.91	 1.47	 3
YS-SC4231-0409	 37.17	 16.59	 10.16	 6.26	 4.8	 4.25	 3.96	 4.17	 3.94	 3.33	 2.72	 2.65	 1.47	 4
YS-SC4231-0409	 28.68	 15.62	 9.67	 7.51	 6.23	 5.36	 4.69	 4.61	 4.56	 4.43	 4.22	 4.42	 1.47	 5
YS-SC4231-0409	 25.01	 14.18	 13.27	 10.13	 4.62	 5.62	 6.07	 3.73	 4.36	 5.03	 2.61	 3.14	 1.47	 6
YS-SC4231-0409	 40.85	 7.75	 6.22	 7.13	 7.17	 6.23	 4.43	 3.99	 3.43	 3.96	 3.93	 4.9	 1.47	 7
YS-SC433	 49.62	 13.57	 8.64	 5.66	 4.0	 3.32	 2.96	 2.71	 2.2	 2.42	 2.47	 2.28	 1.39	 0
YS-SC433	 38.98	 11.67	 10.31	 7.38	 6.76	 5.96	 3.89	 3.63	 2.35	 3.52	 2.86	 2.56	 1.39	 1
YS-SC433	 49.54	 13.23	 7.89	 5.08	 3.22	 3.82	 3.52	 2.53	 2.95	 2.81	 2.67	 2.6	 1.39	 2
YS-SC433	 41.61	 12.54	 7.81	 6.24	 5.11	 5.48	 4.48	 3.32	 3.32	 3.05	 3.37	 3.54	 1.39	 3
YS-SC433	 46.5	 13.07	 8.18	 6.14	 4.3	 4.79	 3.79	 2.82	 2.52	 2.66	 2.83	 2.25	 1.39	 4
YS-SC433	 43.27	 13.05	 8.93	 6.04	 4.91	 4.32	 4.52	 2.99	 3.07	 2.82	 2.88	 3.07	 1.39	 5
YS-SC433	 47.63	 7.53	 8.89	 4.18	 5.31	 4.48	 3.91	 2.89	 2.45	 3.91	 2.08	 2.89	 1.39	 6
YS-SC433	 56.14	 7.48	 5.57	 6.02	 3.17	 4.21	 3.05	 3.13	 2.76	 3.5	 2.44	 2.4	 1.39	 7
YS-SC433-0323NV	 40.09	 17.63	 9.66	 6.67	 4.37	 3.96	 3.64	 3.27	 2.82	 2.89	 2.66	 2.32	 1.55	 0
YS-SC433-0323NV	 26.07	 15.17	 10.01	 8.26	 7.32	 6.77	 4.86	 5.41	 4.29	 4.33	 3.51	 3.97	 1.55	 1
YS-SC433-0323NV	 36.87	 18.1	 9.75	 6.25	 4.48	 4.74	 3.62	 3.69	 3.42	 3.14	 3.02	 2.91	 1.55	 2
YS-SC433-0323NV	 25.18	 14.64	 10.14	 8.29	 7.74	 5.89	 5.41	 5.13	 4.69	 4.72	 4.39	 3.79	 1.55	 3
YS-SC433-0323NV	 34.17	 17.81	 9.33	 6.69	 5.61	 4.96	 4.55	 3.57	 3.8	 3.72	 2.77	 3.01	 1.55	 4
YS-SC433-0323NV	 28.07	 15.75	 10.26	 7.39	 6.58	 5.93	 5.13	 4.23	 4.2	 3.9	 4.08	 4.47	 1.55	 5
YS-SC433-0323NV	 22.56	 15.71	 9.48	 11.34	 4.08	 4.44	 6.97	 5.66	 3.07	 3.17	 6.1	 5.47	 1.55	 6
YS-SC433-0323NV	 54.1	 7.07	 5.19	 5.5	 4.43	 3.22	 2.92	 3.55	 2.72	 3.8	 2.92	 4.6	 1.55	 7
YS-SC433-0323V	 41.66	 17.1	 8.65	 6.4	 4.15	 4.07	 3.81	 3.27	 3.38	 2.94	 2.35	 2.21	 1.14	 0
YS-SC433-0323V	 28.01	 16.6	 9.66	 10.78	 5.65	 6.36	 6.34	 3.38	 4.09	 2.56	 2.42	 4.14	 1.14	 1
YS-SC433-0323V	 39.09	 17.21	 9.83	 6.02	 4.24	 3.85	 3.56	 3.18	 3.6	 3.17	 3.17	 3.08	 1.14	 2
YS-SC433-0323V	 27.53	 14.4	 9.84	 7.94	 6.51	 5.44	 5.89	 4.68	 4.45	 4.49	 4.14	 4.7	 1.14	 3
YS-SC433-0323V	 35.37	 16.99	 9.41	 6.74	 5.64	 4.81	 4.11	 3.36	 3.66	 4.08	 2.78	 3.06	 1.14	 4
YS-SC433-0323V	 25.97	 16.28	 10.76	 7.75	 6.69	 5.87	 4.56	 4.07	 4.54	 4.33	 3.92	 5.25	 1.14	 5
YS-SC433-0323V	 24.82	 11.66	 15.07	 4.51	 5.98	 3.79	 3.25	 5.05	 2.43	 7.68	 3.34	 7.03	 1.14	 6
YS-SC433-0323V	 49.96	 6.67	 5.5	 5.08	 5.28	 6.03	 3.68	 4.31	 4.46	 3.53	 2.69	 2.82	 1.14	 7
YS-SC433-0324NV	 38.94	 17.64	 10.03	 6.53	 4.54	 3.99	 3.75	 3.47	 2.92	 2.81	 2.63	 2.74	 1.34	 0
YS-SC433-0324NV	 22.51	 17.03	 12.48	 9.05	 8.05	 7.02	 5.37	 4.56	 3.64	 4.17	 3.28	 2.84	 1.34	 1
YS-SC433-0324NV	 37.81	 17.39	 9.49	 6.3	 4.87	 4.31	 4.05	 3.43	 3.23	 3.26	 2.77	 3.1	 1.34	 2
YS-SC433-0324NV	 26.24	 15.84	 10.59	 8.13	 7.26	 6.18	 5.21	 4.47	 3.98	 4.37	 3.97	 3.77	 1.34	 3
YS-SC433-0324NV	 33.65	 17.1	 10.29	 6.56	 5.35	 4.55	 4.0	 3.78	 3.82	 3.76	 3.55	 3.59	 1.34	 4
YS-SC433-0324NV	 27.99	 15.84	 10.36	 7.84	 6.18	 5.9	 4.84	 4.1	 3.88	 4.14	 4.06	 4.87	 1.34	 5
YS-SC433-0324NV	 28.77	 12.04	 11.27	 7.01	 5.88	 4.66	 5.7	 6.02	 5.1	 4.65	 5.39	 3.51	 1.34	 6
YS-SC433-0324NV	 56.13	 5.8	 6.56	 4.94	 3.65	 3.41	 2.88	 3.12	 3.07	 3.49	 3.15	 3.79	 1.34	 7
YS-SC433-0324V	 40.62	 17.15	 9.15	 6.62	 4.38	 3.85	 3.5	 3.42	 2.92	 2.94	 2.92	 2.54	 1.16	 0
YS-SC433-0324V	 24.26	 15.51	 12.8	 9.06	 9.48	 4.25	 6.45	 4.48	 3.62	 4.03	 2.64	 3.44	 1.16	 1
YS-SC433-0324V	 39.71	 18.01	 8.89	 5.38	 4.22	 4.01	 4.09	 3.05	 3.02	 3.32	 3.18	 3.11	 1.16	 2
YS-SC433-0324V	 28.78	 15.76	 10.77	 7.21	 7.44	 6.21	 5.63	 3.65	 3.88	 3.36	 3.53	 3.78	 1.16	 3
YS-SC433-0324V	 35.92	 18.0	 10.35	 5.74	 4.61	 4.47	 3.99	 3.66	 3.01	 3.89	 3.13	 3.23	 1.16	 4
YS-SC433-0324V	 31.12	 18.87	 9.31	 6.65	 5.58	 5.69	 4.57	 3.74	 3.64	 3.39	 3.48	 3.96	 1.16	 5
YS-SC433-0324V	 22.84	 19.44	 12.96	 4.03	 8.74	 6.46	 4.42	 1.77	 4.35	 2.44	 6.43	 6.13	 1.16	 6
YS-SC433-0324V	 58.02	 6.03	 5.79	 5.21	 3.2	 5.56	 2.08	 1.51	 3.13	 1.9	 3.12	 4.45	 1.16	 7
YS-SC433-0325V	 38.19	 17.72	 9.95	 6.58	 4.72	 4.37	 3.56	 3.52	 3.09	 2.87	 2.9	 2.53	 1.5	 0
YS-SC433-0325V	 21.79	 15.59	 12.37	 9.82	 8.44	 7.03	 5.48	 4.66	 4.34	 3.71	 3.69	 3.09	 1.5	 1
YS-SC433-0325V	 37.51	 17.46	 9.4	 6.24	 4.29	 3.85	 3.77	 3.47	 3.65	 3.57	 3.48	 3.31	 1.5	 2
YS-SC433-0325V	 26.65	 15.57	 10.46	 7.41	 7.19	 6.14	 5.43	 4.55	 4.31	 4.15	 4.09	 4.06	 1.5	 3
YS-SC433-0325V	 35.37	 17.84	 9.89	 7.16	 4.66	 4.74	 3.94	 3.7	 3.69	 3.1	 3.08	 2.83	 1.5	 4
YS-SC433-0325V	 29.14	 17.1	 10.27	 7.55	 5.97	 5.8	 4.61	 3.81	 4.18	 3.75	 3.67	 4.13	 1.5	 5
YS-SC433-0325V	 30.2	 14.82	 7.0	 5.68	 7.07	 4.78	 5.29	 3.56	 4.12	 6.54	 6.3	 4.01	 1.5	 6
YS-SC433-0325V	 54.3	 6.94	 6.88	 3.55	 3.65	 3.44	 3.74	 2.8	 3.26	 3.72	 3.02	 4.13	 1.5	 7
YS-SC433-0409	 42.34	 17.06	 9.2	 6.86	 3.84	 4.43	 3.84	 3.1	 2.38	 3.04	 1.86	 2.05	 1.56	 0
YS-SC433-0409	 24.45	 16.07	 10.1	 7.99	 7.49	 5.3	 5.81	 4.35	 3.65	 5.64	 4.7	 4.45	 1.56	 1
YS-SC433-0409	 38.43	 17.11	 8.81	 6.44	 4.53	 4.39	 3.47	 3.73	 3.41	 2.98	 3.11	 3.58	 1.56	 2
YS-SC433-0409	 27.9	 14.85	 9.63	 8.06	 6.93	 5.69	 5.24	 4.34	 4.15	 5.15	 3.8	 4.27	 1.56	 3
YS-SC433-0409	 35.25	 17.85	 9.91	 6.72	 5.62	 3.79	 3.59	 3.38	 3.11	 3.58	 3.37	 3.83	 1.56	 4
YS-SC433-0409	 29.33	 17.18	 10.32	 7.96	 5.94	 6.11	 4.44	 4.15	 3.31	 3.68	 3.62	 3.95	 1.56	 5
YS-SC433-0409	 27.72	 24.31	 10.41	 6.18	 2.41	 2.16	 5.64	 3.13	 3.4	 3.35	 5.49	 5.25	 1.56	 6
YS-SC433-0409	 58.09	 6.12	 6.35	 4.37	 4.19	 3.71	 4.74	 1.97	 2.28	 2.53	 2.94	 2.7	 1.56	 7
YS-SC433-0415	 44.61	 17.1	 8.99	 7.18	 4.16	 2.61	 3.01	 2.61	 2.59	 2.58	 2.54	 2.01	 1.28	 0
YS-SC433-0415	 27.21	 13.55	 16.61	 8.09	 6.26	 6.65	 6.32	 3.6	 2.0	 3.35	 3.7	 2.64	 1.28	 1
YS-SC433-0415	 38.16	 17.07	 9.91	 5.2	 4.99	 4.03	 3.92	 3.37	 3.7	 3.4	 2.89	 3.38	 1.28	 2
YS-SC433-0415	 29.31	 14.95	 8.66	 8.25	 5.84	 6.63	 4.85	 4.73	 5.38	 4.24	 3.79	 3.38	 1.28	 3
YS-SC433-0415	 35.85	 16.37	 10.48	 6.26	 5.1	 4.16	 4.65	 4.31	 3.19	 3.26	 3.45	 2.93	 1.28	 4
YS-SC433-0415	 32.74	 15.73	 10.11	 6.37	 6.45	 5.0	 4.91	 4.44	 4.09	 2.97	 3.1	 4.12	 1.28	 5
YS-SC433-0415	 34.16	 13.83	 17.9	 5.01	 3.73	 4.42	 3.74	 4.13	 1.72	 7.08	 2.76	 1.52	 1.28	 6
YS-SC433-0415	 56.7	 6.77	 10.15	 4.27	 1.82	 5.17	 5.11	 2.06	 2.24	 2.3	 0.79	 2.61	 1.28	 7
YS-SC433-0417	 41.24	 17.89	 9.34	 6.29	 4.13	 3.24	 3.34	 3.62	 2.61	 2.96	 2.7	 2.64	 1.99	 0
YS-SC433-0417	 24.79	 15.83	 11.32	 10.5	 7.14	 6.49	 5.87	 5.15	 4.25	 2.76	 2.81	 3.08	 1.99	 1
YS-SC433-0417	 38.18	 18.14	 9.03	 5.53	 4.97	 4.16	 3.66	 3.62	 3.09	 3.22	 3.05	 3.36	 1.99	 2
YS-SC433-0417	 28.41	 15.26	 9.98	 7.98	 6.78	 5.79	 4.89	 4.12	 4.26	 4.06	 4.59	 3.88	 1.99	 3
YS-SC433-0417	 36.48	 15.69	 10.71	 5.93	 5.62	 4.55	 4.52	 3.89	 3.96	 2.75	 3.07	 2.85	 1.99	 4
YS-SC433-0417	 30.18	 16.17	 10.31	 7.63	 5.77	 5.67	 4.77	 4.25	 3.3	 4.25	 3.75	 3.94	 1.99	 5
YS-SC433-0417	 27.94	 13.06	 16.57	 7.86	 4.15	 5.27	 4.83	 4.48	 6.3	 3.55	 3.95	 2.03	 1.99	 6
YS-SC433-0417	 46.82	 9.88	 5.4	 4.94	 6.37	 6.24	 2.88	 2.79	 2.38	 3.66	 5.27	 3.37	 1.99	 7
YS-SC433-091	 27.88	 16.11	 12.87	 7.71	 5.33	 4.73	 4.0	 4.79	 4.15	 4.31	 2.95	 3.75	 0.73	 0
YS-SC433-091	 21.64	 12.64	 12.24	 13.72	 8.13	 6.06	 4.02	 2.68	 3.65	 4.83	 4.65	 4.07	 0.73	 1
YS-SC433-091	 20.68	 13.46	 10.02	 7.9	 7.59	 6.31	 6.71	 5.6	 6.36	 5.96	 4.95	 4.45	 0.73	 2
YS-SC433-091	 18.71	 12.5	 11.16	 10.34	 8.51	 7.56	 6.65	 5.02	 4.98	 5.22	 4.96	 4.39	 0.73	 3
YS-SC433-091	 28.35	 16.22	 11.84	 8.38	 6.88	 5.0	 5.31	 4.21	 3.81	 3.71	 3.18	 3.12	 0.73	 4
YS-SC433-091	 26.49	 15.99	 10.69	 8.87	 7.95	 5.76	 5.05	 4.21	 4.02	 3.92	 3.23	 3.8	 0.73	 5
YS-SC433-091	 22.66	 11.95	 12.37	 5.15	 6.26	 4.88	 5.54	 5.91	 4.37	 9.16	 5.14	 5.28	 0.73	 6
YS-SC433-091	 35.81	 12.32	 8.54	 6.69	 5.59	 4.84	 3.83	 4.88	 4.14	 3.38	 6.07	 3.92	 0.73	 7
YS-SC433-092	 27.78	 16.76	 9.51	 8.13	 5.88	 4.52	 4.54	 4.8	 5.47	 4.5	 4.77	 3.35	 0.9	 0
YS-SC433-092	 17.91	 16.9	 11.61	 10.84	 7.92	 6.57	 6.97	 5.55	 3.51	 3.4	 1.96	 3.97	 0.9	 1
YS-SC433-092	 21.0	 13.64	 11.0	 8.77	 7.33	 6.21	 6.17	 5.53	 5.55	 5.27	 4.79	 4.74	 0.9	 2
YS-SC433-092	 18.07	 12.31	 10.65	 9.69	 8.51	 7.86	 6.32	 5.44	 5.22	 5.88	 5.34	 4.72	 0.9	 3
YS-SC433-092	 28.04	 16.42	 10.86	 8.01	 6.64	 6.02	 5.12	 4.78	 4.53	 3.95	 3.15	 2.47	 0.9	 4
YS-SC433-092	 27.08	 16.31	 11.14	 8.87	 6.61	 5.61	 5.62	 3.75	 4.01	 3.84	 3.64	 3.52	 0.9	 5
YS-SC433-092	 23.33	 15.19	 12.11	 9.7	 4.61	 5.28	 5.31	 3.77	 3.85	 4.46	 4.55	 4.74	 0.9	 6
YS-SC433-092	 31.29	 9.65	 9.27	 9.58	 5.24	 5.57	 6.18	 4.49	 4.61	 6.45	 2.98	 4.68	 0.9	 7
YS-SC433-131	 30.91	 14.52	 12.39	 7.06	 5.84	 4.28	 5.03	 5.06	 4.64	 4.52	 2.88	 2.86	 0.75	 0
YS-SC433-131	 18.75	 17.81	 11.35	 8.49	 9.45	 7.37	 6.33	 4.48	 6.87	 3.35	 4.14	 1.6	 0.75	 1
YS-SC433-131	 21.87	 13.87	 10.1	 8.56	 6.8	 6.2	 5.84	 5.98	 6.33	 5.67	 4.43	 4.34	 0.75	 2
YS-SC433-131	 18.27	 13.29	 11.09	 9.26	 8.09	 7.42	 6.84	 6.05	 5.12	 5.01	 5.02	 4.54	 0.75	 3
YS-SC433-131	 28.68	 15.24	 9.96	 8.5	 7.01	 6.06	 5.06	 4.64	 4.1	 4.46	 3.48	 2.8	 0.75	 4
YS-SC433-131	 26.41	 15.87	 10.78	 8.84	 7.82	 5.95	 5.38	 4.33	 4.1	 3.82	 3.26	 3.45	 0.75	 5
YS-SC433-131	 21.11	 17.9	 6.57	 9.65	 5.23	 6.67	 5.99	 4.69	 6.19	 4.45	 4.98	 4.92	 0.75	 6
YS-SC433-131	 34.41	 11.46	 7.69	 5.67	 4.71	 4.14	 6.22	 5.29	 5.34	 6.28	 4.04	 4.74	 0.75	 7
YS-SC433-132	 29.95	 13.8	 11.45	 7.44	 5.81	 5.6	 5.04	 4.19	 4.15	 4.15	 5.0	 3.43	 1.03	 0
YS-SC433-132	 18.29	 13.68	 13.79	 12.56	 11.35	 5.78	 4.08	 4.75	 5.47	 4.95	 2.67	 2.63	 1.03	 1
YS-SC433-132	 21.38	 13.72	 10.07	 8.23	 7.65	 6.18	 6.31	 5.53	 6.06	 5.8	 4.75	 4.33	 1.03	 2
YS-SC433-132	 18.55	 12.05	 10.96	 9.41	 7.89	 7.01	 6.78	 6.39	 6.08	 5.5	 5.42	 3.96	 1.03	 3
YS-SC433-132	 27.58	 16.1	 10.28	 9.0	 6.79	 6.0	 5.82	 4.61	 4.02	 3.58	 3.27	 2.96	 1.03	 4
YS-SC433-132	 25.22	 15.62	 10.9	 8.09	 7.33	 6.7	 5.75	 5.13	 4.45	 3.71	 3.59	 3.5	 1.03	 5
YS-SC433-132	 26.39	 12.18	 9.83	 7.69	 3.6	 4.94	 3.2	 8.45	 9.82	 3.7	 2.34	 6.53	 1.03	 6
YS-SC433-132	 35.13	 8.85	 6.92	 8.41	 5.69	 6.8	 5.18	 5.93	 4.3	 5.43	 3.98	 3.38	 1.03	 7
YS-SC433-Y09	 30.63	 14.19	 11.86	 6.72	 6.13	 5.2	 5.15	 4.46	 4.69	 4.14	 3.58	 3.25	 0.83	 0
YS-SC433-Y09	 22.37	 13.62	 15.77	 12.04	 8.16	 5.6	 4.76	 3.77	 3.75	 3.79	 3.08	 3.29	 0.83	 1
YS-SC433-Y09	 19.95	 13.27	 11.1	 8.66	 6.99	 6.54	 6.69	 5.64	 6.37	 5.35	 4.91	 4.53	 0.83	 2
YS-SC433-Y09	 18.65	 13.91	 9.83	 8.91	 8.63	 7.21	 5.86	 5.78	 5.55	 5.67	 5.27	 4.72	 0.83	 3
YS-SC433-Y09	 27.54	 16.45	 10.99	 7.41	 6.13	 5.47	 5.32	 4.78	 5.01	 4.38	 3.58	 2.94	 0.83	 4
YS-SC433-Y09	 24.6	 16.27	 11.52	 8.09	 6.72	 6.37	 5.56	 4.49	 4.58	 4.21	 3.68	 3.91	 0.83	 5
YS-SC433-Y09	 22.69	 18.43	 11.33	 9.02	 6.53	 5.32	 5.04	 5.25	 5.64	 4.03	 3.49	 3.22	 0.83	 6
YS-SC433-Y09	 33.44	 8.39	 9.71	 5.68	 7.54	 5.38	 7.34	 5.27	 4.84	 3.29	 4.48	 4.64	 0.83	 7
YS-SC433-Y091	 28.31	 16.42	 9.68	 7.98	 7.01	 5.72	 4.76	 4.24	 4.61	 3.62	 3.26	 4.4	 0.96	 0
YS-SC433-Y091	 19.66	 15.13	 12.66	 11.83	 9.02	 4.56	 7.45	 4.63	 5.84	 3.06	 3.97	 2.18	 0.96	 1
YS-SC433-Y091	 20.75	 13.54	 10.47	 8.47	 7.62	 6.54	 5.74	 5.85	 6.47	 5.25	 4.95	 4.36	 0.96	 2
YS-SC433-Y091	 18.28	 12.79	 10.76	 8.95	 8.29	 6.92	 6.85	 6.28	 5.78	 4.97	 5.57	 4.57	 0.96	 3
YS-SC433-Y091	 27.56	 15.83	 10.73	 7.56	 6.26	 5.57	 5.42	 4.29	 5.1	 3.92	 4.41	 3.35	 0.96	 4
YS-SC433-Y091	 24.85	 15.48	 10.61	 8.69	 7.35	 6.09	 5.45	 5.03	 4.61	 4.23	 4.01	 3.61	 0.96	 5
YS-SC433-Y091	 21.23	 15.84	 9.43	 11.45	 6.01	 4.37	 4.87	 5.26	 5.56	 6.06	 2.93	 7.01	 0.96	 6
YS-SC433-Y091	 30.65	 8.73	 10.45	 8.5	 4.63	 6.12	 5.09	 4.43	 5.46	 3.5	 5.53	 5.49	 0.96	 7
YS-SC442-0409	 45.09	 17.1	 9.31	 5.27	 4.63	 2.66	 2.94	 2.99	 2.3	 2.28	 1.85	 3.58	 0.92	 0
YS-SC442-0409	 24.4	 15.59	 10.65	 10.1	 7.26	 6.28	 3.46	 2.69	 4.56	 4.11	 6.12	 3.66	 0.92	 1
YS-SC442-0409	 46.3	 17.79	 8.21	 5.51	 3.33	 3.79	 2.52	 2.6	 3.05	 2.28	 2.36	 2.25	 0.92	 2
YS-SC442-0409	 32.72	 14.96	 9.94	 8.05	 6.17	 4.5	 4.81	 3.73	 3.88	 3.71	 3.9	 3.63	 0.92	 3
YS-SC442-0409	 42.13	 17.32	 8.51	 5.31	 4.62	 4.34	 3.63	 2.56	 3.12	 3.21	 2.81	 2.45	 0.92	 4
YS-SC442-0409	 31.49	 17.17	 9.13	 6.11	 6.49	 5.28	 4.51	 4.03	 3.57	 4.3	 3.8	 4.12	 0.92	 5
YS-SC442-0409	 29.12	 14.12	 9.32	 8.03	 7.83	 4.98	 6.52	 3.93	 4.56	 2.77	 3.33	 5.47	 0.92	 6
YS-SC442-0409	 30.14	 13.8	 8.17	 9.55	 7.14	 4.16	 6.07	 4.05	 4.05	 4.35	 4.19	 4.34	 0.92	 7
YS4231	 46.36	 16.71	 9.53	 6.33	 4.79	 3.52	 2.76	 2.41	 2.47	 1.7	 1.45	 1.24	 1.06	 0
YS4231	 26.83	 14.99	 10.86	 9.44	 8.11	 5.95	 6.54	 2.94	 3.79	 3.93	 2.69	 3.12	 1.06	 1
YS4231	 41.29	 17.0	 8.96	 5.63	 4.63	 3.44	 3.54	 3.1	 3.19	 3.21	 2.92	 3.09	 1.06	 2
YS4231	 29.25	 15.24	 10.15	 6.44	 5.74	 5.8	 5.25	 4.71	 4.37	 4.58	 4.47	 4.0	 1.06	 3
YS4231	 35.52	 17.11	 9.6	 6.24	 5.09	 4.32	 4.99	 3.68	 4.03	 3.43	 3.0	 2.98	 1.06	 4
YS4231	 22.58	 13.66	 9.74	 7.14	 7.79	 7.21	 6.24	 5.46	 4.44	 5.27	 4.8	 5.66	 1.06	 5
YS4231	 32.74	 14.3	 8.33	 6.29	 3.67	 6.38	 7.6	 3.92	 5.09	 3.65	 3.16	 4.88	 1.06	 6
YS4231	 38.15	 10.05	 8.99	 6.17	 5.62	 3.65	 5.26	 3.75	 4.98	 4.21	 4.37	 4.8	 1.06	 7
YS4231_1217	 46.13	 19.87	 8.89	 4.81	 3.79	 2.43	 2.27	 2.51	 2.56	 3.31	 1.07	 2.35	 0.75	 0
YS4231_1217	 19.08	 11.46	 7.38	 19.25	 10.37	 3.77	 3.77	 2.96	 8.19	 3.13	 2.38	 8.29	 0.75	 1
YS4231_1217	 39.81	 15.27	 8.7	 5.62	 3.83	 3.87	 4.11	 3.2	 3.6	 3.48	 4.68	 3.85	 0.75	 2
YS4231_1217	 32.74	 16.15	 6.55	 5.92	 5.38	 5.14	 5.43	 5.21	 2.84	 7.12	 4.21	 3.29	 0.75	 3
YS4231_1217	 38.23	 11.48	 7.91	 5.62	 8.75	 6.48	 4.98	 2.5	 3.55	 3.98	 2.53	 3.97	 0.75	 4
YS4231_1217	 24.26	 17.3	 8.48	 7.61	 7.17	 4.86	 6.73	 5.33	 4.55	 3.98	 3.36	 6.38	 0.75	 5
YS4231_1217	 29.75	 0.0	 14.41	 14.77	 4.54	 5.0	 7.14	 5.0	 5.84	 11.25	 0.0	 2.27	 0.75	 6
YS4231_1217	 72.5	 11.25	 0.0	 10.0	 0.0	 0.0	 0.0	 0.0	 3.13	 0.0	 0.0	 3.13	 0.75	 7
YS4331222	 47.75	 18.99	 9.09	 5.46	 3.85	 2.9	 2.74	 2.37	 1.9	 1.86	 1.48	 1.43	 0.65	 0
YS4331222	 24.38	 15.61	 11.39	 10.21	 7.54	 6.05	 5.62	 4.8	 4.72	 3.69	 3.17	 2.59	 0.65	 1
YS4331222	 40.96	 16.45	 8.31	 5.45	 4.26	 3.95	 3.64	 3.56	 3.34	 3.44	 3.36	 3.29	 0.65	 2
YS4331222	 26.12	 13.46	 9.14	 7.69	 6.95	 6.0	 5.73	 5.23	 5.03	 5.17	 4.72	 4.77	 0.65	 3
YS4331222	 26.12	 14.27	 9.36	 7.64	 6.68	 6.02	 5.67	 5.21	 5.05	 4.78	 4.62	 4.59	 0.65	 4
YS4331222	 17.13	 12.3	 9.79	 8.94	 8.2	 7.71	 7.1	 6.25	 5.88	 5.52	 5.37	 5.79	 0.65	 5
YS4331222	 29.1	 12.89	 8.3	 6.73	 5.8	 5.3	 5.87	 4.89	 5.3	 5.43	 5.56	 4.84	 0.65	 6
YS4331222	 46.35	 8.09	 6.7	 5.12	 4.94	 5.21	 4.19	 3.49	 3.6	 4.35	 4.3	 3.65	 0.65	 7
YS433_1217	 37.01	 34.21	 7.78	 4.15	 3.41	 1.24	 2.37	 2.78	 1.62	 1.67	 1.61	 2.16	 0.33	 0
YS433_1217	 19.52	 8.85	 7.01	 4.44	 4.79	 7.06	 5.09	 4.9	 0.58	 1.59	 1.23	 1.61	 0.33	 1
YS433_1217	 38.49	 17.26	 6.05	 4.8	 3.19	 4.16	 3.36	 2.29	 6.27	 5.77	 5.69	 2.66	 0.33	 2
YS433_1217	 19.57	 10.15	 6.14	 5.09	 4.48	 26.16	 3.71	 14.62	 1.71	 2.81	 2.51	 3.04	 0.33	 3
YS433_1217	 28.09	 21.91	 9.91	 5.94	 4.96	 4.28	 3.95	 3.18	 3.51	 4.76	 6.44	 3.07	 0.33	 4
YS433_1217	 27.15	 12.88	 10.66	 5.6	 8.98	 4.44	 5.58	 5.48	 5.13	 4.55	 4.63	 4.91	 0.33	 5
YS433_1217	 28.35	 10.64	 3.51	 0.0	 3.66	 2.52	 3.51	 7.12	 2.52	 0.0	 1.23	 3.61	 0.33	 6
YS433_1217	 41.17	 4.32	 4.01	 3.46	 2.22	 1.23	 3.09	 0.0	 2.47	 1.23	 2.22	 1.23	 0.33	 7
YS433_1218	 41.62	 14.9	 10.15	 7.41	 4.71	 3.34	 4.08	 2.66	 4.69	 2.55	 1.73	 2.16	 1.21	 0
YS433_1218	 20.61	 16.73	 9.98	 8.67	 8.94	 9.71	 4.1	 6.24	 4.38	 3.16	 3.6	 3.88	 1.21	 1
YS433_1218	 33.39	 15.46	 9.89	 8.21	 5.33	 5.17	 4.32	 4.78	 3.91	 3.13	 3.16	 3.26	 1.21	 2
YS433_1218	 25.09	 13.77	 11.8	 9.06	 8.32	 5.46	 4.74	 5.2	 4.08	 4.61	 4.2	 3.67	 1.21	 3
YS433_1218	 26.91	 15.02	 10.84	 7.29	 6.51	 5.99	 5.4	 5.38	 4.64	 4.25	 4.24	 3.54	 1.21	 4
YS433_1218	 20.73	 14.28	 10.84	 9.12	 7.3	 7.01	 6.43	 5.69	 4.77	 4.46	 4.61	 4.75	 1.21	 5
YS433_1218	 32.6	 14.7	 13.71	 5.88	 6.37	 5.85	 3.2	 4.43	 2.21	 4.44	 2.18	 4.42	 1.21	 6
YS433_1218	 48.51	 9.37	 6.09	 5.19	 4.15	 4.06	 4.78	 2.88	 3.56	 4.47	 3.15	 3.8	 1.21	 7
YS433_1219	 40.66	 18.3	 8.73	 5.74	 4.43	 4.49	 2.96	 4.42	 2.99	 2.93	 2.28	 2.06	 0.66	 0
YS433_1219	 23.73	 15.74	 11.6	 7.14	 9.29	 4.91	 8.07	 5.22	 5.05	 2.94	 4.37	 1.93	 0.66	 1
YS433_1219	 34.77	 15.75	 10.26	 6.84	 5.03	 4.59	 4.12	 3.76	 4.45	 3.77	 2.98	 3.67	 0.66	 2
YS433_1219	 27.22	 14.06	 10.72	 8.76	 6.39	 4.55	 4.5	 4.6	 5.82	 4.33	 3.91	 5.13	 0.66	 3
YS433_1219	 26.29	 14.57	 9.65	 7.58	 6.62	 6.24	 5.63	 5.24	 4.82	 4.74	 4.01	 4.59	 0.66	 4
YS433_1219	 20.76	 14.61	 10.46	 9.22	 6.85	 7.2	 6.06	 4.92	 4.83	 4.97	 4.3	 5.8	 0.66	 5
YS433_1219	 29.42	 14.75	 9.95	 7.64	 5.69	 5.67	 4.28	 5.26	 3.42	 4.18	 3.73	 6.0	 0.66	 6
YS433_1219	 45.05	 7.79	 6.22	 7.07	 4.36	 5.45	 4.28	 2.43	 3.79	 4.05	 4.64	 4.88	 0.66	 7
YS433_1220	 50.58	 17.62	 10.19	 5.19	 3.4	 2.29	 2.35	 2.15	 1.58	 1.64	 1.73	 1.3	 0.91	 0
YS433_1220	 19.12	 15.47	 14.51	 8.92	 6.5	 5.82	 6.91	 5.95	 5.36	 5.56	 3.18	 2.69	 0.91	 1
YS433_1220	 41.52	 16.42	 8.28	 5.71	 4.19	 4.11	 3.72	 3.4	 3.41	 3.09	 3.0	 3.17	 0.91	 2
YS433_1220	 27.4	 14.93	 9.54	 7.73	 6.43	 5.64	 5.52	 4.06	 4.73	 4.71	 4.16	 5.14	 0.91	 3
YS433_1220	 30.12	 14.83	 9.59	 6.9	 5.71	 5.47	 5.44	 5.0	 4.29	 4.47	 4.2	 3.98	 0.91	 4
YS433_1220	 21.39	 14.4	 9.81	 8.45	 7.57	 6.85	 6.26	 5.06	 5.0	 4.56	 4.98	 5.66	 0.91	 5
YS433_1220	 27.88	 14.18	 7.81	 6.23	 6.17	 6.83	 4.66	 5.25	 7.02	 5.22	 5.17	 3.58	 0.91	 6
YS433_1220	 47.39	 8.75	 6.5	 4.81	 4.82	 4.75	 3.99	 3.07	 3.08	 3.77	 4.2	 4.87	 0.91	 7
YS_0317	 46.3	 17.37	 9.12	 5.33	 4.01	 2.82	 3.28	 2.77	 2.38	 2.34	 2.01	 2.26	 0.9	 0
YS_0317	 29.12	 17.09	 10.48	 9.87	 6.84	 5.12	 4.97	 3.91	 2.9	 3.31	 2.93	 3.48	 0.9	 1
YS_0317	 45.94	 17.59	 8.5	 5.46	 3.74	 3.14	 2.72	 2.65	 2.57	 2.69	 2.46	 2.52	 0.9	 2
YS_0317	 30.37	 16.01	 9.97	 7.7	 6.27	 5.34	 4.34	 4.22	 4.34	 4.26	 3.59	 3.59	 0.9	 3
YS_0317	 42.6	 16.12	 8.47	 6.02	 4.65	 4.05	 4.02	 3.13	 3.21	 2.95	 2.2	 2.59	 0.9	 4
YS_0317	 31.71	 14.9	 9.07	 7.16	 6.21	 5.61	 4.88	 4.25	 4.42	 4.07	 3.78	 3.95	 0.9	 5
YS_0317	 32.56	 20.19	 10.69	 5.87	 5.03	 6.09	 4.08	 3.07	 3.54	 3.26	 2.62	 2.1	 0.9	 6
YS_0317	 34.79	 11.36	 6.32	 7.46	 5.61	 6.36	 4.6	 5.21	 4.78	 5.75	 4.09	 3.67	 0.9	 7
YS_0318	 46.94	 18.41	 8.49	 5.53	 3.35	 3.37	 2.73	 2.23	 2.39	 2.39	 2.02	 2.17	 1.03	 0
YS_0318	 25.37	 13.6	 11.59	 11.08	 8.26	 6.74	 4.47	 5.07	 3.53	 4.39	 2.42	 3.47	 1.03	 1
YS_0318	 45.04	 17.71	 8.96	 5.24	 3.63	 3.26	 2.98	 2.72	 2.72	 2.7	 2.52	 2.52	 1.03	 2
YS_0318	 30.33	 16.14	 9.77	 7.56	 5.8	 5.45	 4.9	 4.17	 3.68	 4.16	 4.06	 3.96	 1.03	 3
YS_0318	 42.42	 15.48	 8.42	 5.71	 4.75	 4.53	 3.78	 3.42	 3.31	 2.95	 2.75	 2.47	 1.03	 4
YS_0318	 31.5	 15.63	 8.93	 6.39	 6.16	 5.62	 4.96	 4.61	 4.24	 4.17	 4.07	 3.72	 1.03	 5
YS_0318	 34.64	 17.27	 9.64	 8.4	 5.03	 5.3	 4.36	 4.86	 2.5	 2.75	 1.2	 4.06	 1.03	 6
YS_0318	 30.32	 10.26	 9.81	 6.52	 6.98	 6.64	 5.79	 3.77	 5.56	 4.99	 4.09	 5.27	 1.03	 7
YuShan	 46.79	 19.09	 6.71	 8.92	 4.49	 3.15	 2.03	 2.22	 0.77	 1.52	 3.13	 1.17	 0.54	 0
YuShan	 28.64	 10.96	 16.82	 8.46	 5.88	 6.39	 5.79	 3.68	 2.25	 1.62	 5.47	 4.02	 0.54	 1
YuShan	 44.94	 21.24	 9.13	 4.86	 5.4	 3.14	 2.97	 1.28	 1.79	 1.38	 1.75	 2.12	 0.54	 2
YuShan	 38.71	 18.81	 11.67	 6.29	 4.87	 4.14	 3.86	 2.09	 2.21	 2.53	 2.2	 2.6	 0.54	 3
YuShan	 41.86	 15.48	 11.13	 6.6	 5.5	 4.07	 4.25	 1.89	 3.26	 1.43	 2.44	 2.11	 0.54	 4
YuShan	 32.61	 16.93	 11.09	 9.46	 5.97	 5.65	 4.56	 3.21	 2.24	 2.8	 2.51	 2.98	 0.54	 5
YuShan	 18.48	 4.94	 4.94	 8.68	 9.38	 4.66	 22.02	 1.04	 5.36	 3.13	 3.33	 14.04	 0.54	 6
YuShan	 42.69	 9.63	 1.39	 3.61	 7.78	 18.06	 3.7	 0.0	 3.61	 5.93	 2.22	 1.39	 0.54	 7
YuShan-0620	 40.64	 16.75	 9.34	 7.03	 5.68	 3.74	 3.73	 2.93	 2.96	 2.84	 2.39	 1.95	 1.58	 0
YuShan-0620	 29.91	 16.6	 11.12	 8.12	 5.75	 7.56	 5.3	 3.33	 3.09	 3.43	 2.98	 2.09	 1.58	 1
YuShan-0620	 39.53	 18.07	 9.62	 6.69	 4.62	 3.76	 3.44	 2.9	 2.96	 3.01	 2.68	 2.71	 1.58	 2
YuShan-0620	 27.09	 14.91	 9.98	 7.98	 6.88	 5.93	 5.25	 4.62	 4.64	 4.4	 4.18	 4.13	 1.58	 3
YuShan-0620	 34.64	 16.18	 10.74	 7.16	 5.4	 4.87	 4.31	 3.43	 3.14	 3.57	 3.46	 3.1	 1.58	 4
YuShan-0620	 25.08	 14.6	 10.98	 8.15	 6.7	 5.81	 5.84	 4.35	 4.38	 4.6	 4.68	 4.81	 1.58	 5
YuShan-0620	 28.88	 14.48	 13.61	 7.12	 5.0	 7.17	 3.1	 5.03	 3.12	 4.72	 3.03	 3.79	 1.58	 6
YuShan-0620	 32.67	 12.2	 7.91	 8.0	 5.46	 5.1	 5.61	 4.58	 5.32	 4.58	 3.5	 5.06	 1.58	 7
YuShan-MS-0506	 42.86	 19.4	 9.01	 6.42	 3.86	 4.6	 3.2	 2.28	 2.44	 2.03	 2.06	 1.86	 0.86	 0
YuShan-MS-0506	 28.01	 16.64	 12.82	 8.94	 6.69	 5.69	 4.9	 4.49	 3.53	 3.12	 2.4	 2.76	 0.86	 1
YuShan-MS-0506	 42.88	 18.18	 9.41	 5.54	 4.36	 3.51	 3.15	 2.78	 2.74	 2.55	 2.41	 2.48	 0.86	 2
YuShan-MS-0506	 30.43	 15.36	 9.78	 7.56	 6.54	 5.56	 5.09	 4.36	 3.8	 4.18	 3.76	 3.6	 0.86	 3
YuShan-MS-0506	 39.32	 16.98	 9.41	 5.98	 4.99	 4.51	 4.04	 3.42	 3.02	 3.13	 2.73	 2.47	 0.86	 4
YuShan-MS-0506	 31.81	 15.57	 10.42	 7.61	 6.33	 5.16	 4.78	 3.96	 3.6	 3.75	 3.41	 3.61	 0.86	 5
YuShan-MS-0506	 36.08	 16.11	 9.22	 7.75	 4.71	 3.74	 4.57	 4.12	 3.05	 3.16	 3.11	 3.64	 0.86	 6
YuShan-MS-0506	 33.05	 11.77	 8.35	 8.01	 6.02	 5.76	 5.42	 4.43	 4.28	 5.22	 4.13	 3.56	 0.86	 7
YuShan-MS-0509	 39.87	 18.34	 10.31	 7.38	 3.78	 3.71	 4.18	 1.96	 2.75	 2.71	 2.3	 2.7	 0.68	 0
YuShan-MS-0509	 30.72	 18.56	 14.49	 9.65	 3.76	 4.19	 4.74	 1.76	 3.49	 2.22	 1.02	 3.31	 0.68	 1
YuShan-MS-0509	 41.48	 17.27	 8.62	 5.68	 4.27	 3.43	 3.68	 3.31	 2.94	 2.96	 3.17	 3.18	 0.68	 2
YuShan-MS-0509	 31.3	 15.34	 9.59	 7.92	 6.15	 5.35	 4.83	 4.04	 4.09	 4.0	 3.84	 3.55	 0.68	 3
YuShan-MS-0509	 38.72	 16.96	 9.1	 7.05	 5.39	 4.28	 4.38	 3.24	 3.05	 2.73	 2.48	 2.64	 0.68	 4
YuShan-MS-0509	 30.99	 15.81	 9.73	 7.44	 6.12	 5.64	 4.96	 4.13	 4.05	 3.75	 3.34	 4.03	 0.68	 5
YuShan-MS-0509	 36.24	 15.34	 8.78	 6.61	 6.82	 3.95	 4.16	 3.01	 3.89	 3.12	 5.13	 2.94	 0.68	 6
YuShan-MS-0509	 36.73	 10.39	 8.62	 6.73	 6.42	 4.76	 5.2	 3.4	 4.66	 3.92	 4.7	 4.48	 0.68	 7
YuShan2017	 40.48	 15.87	 1.59	 1.59	 0.0	 0.0	 33.33	 2.38	 2.38	 2.38	 0.0	 0.0	 0.0	 0
YuShan2017	 43.33	 26.67	 5.56	 3.33	 0.0	 3.33	 0.0	 5.56	 3.33	 8.89	 0.0	 0.0	 0.0	 1
YuShan2017	 42.22	 17.78	 10.55	 5.42	 0.69	 5.83	 6.25	 0.0	 5.83	 3.33	 2.08	 0.0	 0.0	 2
YuShan2017	 50.3	 19.1	 8.15	 4.34	 3.78	 3.0	 2.43	 2.16	 2.45	 1.1	 1.94	 1.23	 0.0	 3
YuShan2017	 39.9	 6.73	 10.2	 4.17	 11.38	 10.2	 2.56	 8.12	 2.08	 2.56	 2.08	 0.0	 0.0	 4
YuShan2017	 14.07	 11.55	 10.58	 1.73	 14.34	 8.0	 7.9	 10.65	 9.9	 4.32	 1.73	 5.22	 0.0	 5
YuShan2017	 34.92	 14.29	 15.87	 10.32	 4.76	 0.0	 4.76	 0.0	 0.0	 15.08	 0.0	 0.0	 0.0	 6
YuShan2017	 45.48	 4.17	 6.67	 6.67	 11.43	 4.17	 0.0	 8.33	 8.93	 4.17	 0.0	 0.0	 0.0	 7
YuShan2018	 42.7	 16.73	 9.31	 6.36	 4.54	 3.73	 3.56	 3.11	 2.82	 2.6	 2.32	 2.22	 1.46	 0
YuShan2018	 28.31	 14.54	 11.77	 8.9	 6.79	 6.0	 4.72	 4.22	 4.1	 3.55	 3.8	 3.3	 1.46	 1
YuShan2018	 40.65	 16.15	 8.96	 6.18	 4.67	 4.03	 3.76	 3.38	 3.23	 3.14	 2.99	 2.85	 1.46	 2
YuShan2018	 31.31	 14.75	 9.93	 7.53	 6.2	 5.43	 5.06	 4.43	 3.99	 3.88	 3.75	 3.76	 1.46	 3
YuShan2018	 38.37	 15.74	 9.69	 6.6	 5.11	 4.25	 4.02	 3.58	 3.57	 3.33	 2.77	 2.95	 1.46	 4
YuShan2018	 30.95	 14.97	 9.93	 7.51	 5.89	 5.5	 5.15	 4.27	 4.16	 3.9	 3.75	 4.01	 1.46	 5
YuShan2018	 31.82	 15.57	 11.19	 7.65	 5.78	 4.9	 4.19	 4.25	 3.38	 3.65	 3.5	 3.7	 1.46	 6
YuShan2018	 46.26	 8.96	 6.84	 5.65	 5.13	 4.29	 4.1	 3.38	 4.07	 3.58	 3.67	 4.08	 1.46	 7
YuShan2018-0419	 42.11	 17.66	 9.55	 6.52	 3.95	 3.46	 3.04	 2.87	 3.04	 2.54	 2.66	 2.61	 1.19	 0
YuShan2018-0419	 25.76	 15.14	 12.05	 9.48	 7.9	 5.92	 6.0	 4.28	 3.81	 3.7	 3.43	 2.53	 1.19	 1
YuShan2018-0419	 39.2	 17.27	 8.95	 5.54	 4.77	 4.08	 3.43	 3.52	 3.47	 3.23	 3.42	 3.13	 1.19	 2
YuShan2018-0419	 30.3	 16.13	 9.54	 7.67	 6.18	 5.56	 5.17	 4.37	 4.3	 3.89	 3.72	 3.16	 1.19	 3
YuShan2018-0419	 39.12	 17.03	 8.97	 6.45	 5.95	 4.42	 4.2	 2.98	 2.98	 2.75	 2.72	 2.43	 1.19	 4
YuShan2018-0419	 32.37	 16.5	 9.84	 7.9	 6.19	 5.13	 4.4	 4.02	 3.44	 3.41	 3.13	 3.69	 1.19	 5
YuShan2018-0419	 29.31	 17.28	 8.66	 5.17	 5.01	 4.16	 4.8	 7.74	 5.26	 3.64	 4.16	 3.59	 1.19	 6
YuShan2018-0419	 49.06	 8.88	 6.18	 5.91	 5.82	 3.51	 4.09	 2.85	 3.28	 2.69	 3.28	 4.47	 1.19	 7
YuShan2018-2f13	 39.06	 22.45	 10.82	 5.34	 4.08	 6.74	 1.79	 2.84	 2.06	 2.51	 1.9	 0.41	 1.26	 0
YuShan2018-2f13	 29.32	 19.72	 8.93	 10.95	 11.54	 3.52	 3.69	 4.78	 1.59	 1.52	 1.22	 3.2	 1.26	 1
YuShan2018-2f13	 40.57	 20.11	 10.04	 7.97	 4.21	 3.32	 3.27	 2.38	 2.58	 2.78	 1.19	 1.57	 1.26	 2
YuShan2018-2f13	 31.47	 15.7	 10.13	 7.83	 6.81	 5.06	 5.03	 4.24	 3.65	 3.64	 3.14	 3.31	 1.26	 3
YuShan2018-2f13	 35.8	 14.49	 9.2	 8.62	 3.45	 5.26	 5.53	 4.08	 5.15	 3.93	 2.17	 2.31	 1.26	 4
YuShan2018-2f13	 28.3	 15.25	 9.08	 8.22	 6.31	 6.32	 4.92	 3.78	 3.74	 4.69	 4.45	 4.94	 1.26	 5
YuShan2018-2f13	 29.35	 17.86	 13.27	 2.67	 9.34	 4.23	 1.52	 2.61	 5.89	 2.02	 9.58	 1.66	 1.26	 6
YuShan2018-2f13	 35.23	 13.86	 8.84	 4.13	 8.96	 6.75	 6.26	 4.04	 3.61	 4.17	 1.82	 2.35	 1.26	 7
YuShan2018-2sc	 38.49	 15.33	 10.72	 7.28	 3.79	 6.23	 4.49	 1.37	 7.46	 1.14	 1.67	 2.03	 1.0	 0
YuShan2018-2sc	 29.66	 22.31	 13.33	 9.41	 6.07	 4.46	 3.91	 3.79	 2.68	 0.89	 0.96	 2.52	 1.0	 1
YuShan2018-2sc	 45.11	 18.21	 9.48	 5.47	 4.8	 1.96	 2.61	 2.54	 2.34	 2.68	 2.42	 2.38	 1.0	 2
YuShan2018-2sc	 28.49	 13.72	 8.59	 8.74	 6.69	 5.57	 5.39	 5.86	 5.05	 4.11	 3.7	 4.09	 1.0	 3
YuShan2018-2sc	 43.51	 16.87	 9.66	 6.46	 5.49	 4.61	 3.67	 2.84	 2.15	 2.47	 1.26	 1.0	 1.0	 4
YuShan2018-2sc	 33.65	 15.66	 9.5	 7.35	 5.83	 4.66	 4.9	 4.04	 3.57	 3.72	 3.27	 3.86	 1.0	 5
YuShan2018-2sc	 39.06	 14.29	 0.0	 6.25	 12.5	 0.0	 9.82	 1.79	 0.0	 1.56	 12.95	 1.79	 1.0	 6
YuShan2018-2sc	 39.01	 7.38	 7.1	 7.64	 8.54	 4.44	 5.61	 2.09	 5.02	 2.36	 8.03	 2.78	 1.0	 7
YuShan2018-3F16	 44.66	 16.89	 11.2	 6.81	 5.04	 2.31	 3.86	 2.74	 2.51	 1.59	 1.04	 1.34	 1.5	 0
YuShan2018-3F16	 27.11	 11.76	 7.46	 14.47	 8.27	 5.9	 12.09	 2.77	 3.58	 0.67	 2.38	 3.54	 1.5	 1
YuShan2018-3F16	 41.01	 16.92	 9.69	 8.64	 5.48	 4.2	 3.29	 3.14	 2.46	 1.66	 1.71	 1.81	 1.5	 2
YuShan2018-3F16	 32.34	 15.94	 10.91	 7.14	 7.12	 6.43	 4.32	 3.76	 4.41	 3.56	 2.66	 1.4	 1.5	 3
YuShan2018-3F16	 37.89	 16.5	 10.91	 7.76	 5.96	 2.27	 3.92	 4.29	 3.19	 2.62	 2.03	 2.68	 1.5	 4
YuShan2018-3F16	 34.09	 14.74	 10.04	 7.84	 5.4	 4.69	 4.36	 3.85	 3.46	 4.02	 3.25	 4.27	 1.5	 5
YuShan2018-3F16	 34.95	 6.43	 5.75	 12.83	 7.26	 2.5	 0.0	 0.0	 13.67	 4.17	 8.51	 3.93	 1.5	 6
YuShan2018-3F16	 50.09	 8.67	 7.83	 4.24	 2.44	 7.85	 5.37	 0.48	 5.16	 0.95	 5.45	 1.48	 1.5	 7
YuShan2018-3f13	 45.93	 17.36	 12.15	 5.41	 5.23	 5.34	 4.0	 0.0	 2.91	 0.75	 0.91	 0.0	 1.7	 0
YuShan2018-3f13	 18.84	 16.18	 9.52	 17.26	 6.71	 4.25	 5.96	 13.21	 3.47	 1.81	 0.0	 2.81	 1.7	 1
YuShan2018-3f13	 41.01	 14.33	 10.41	 7.64	 4.15	 3.77	 3.33	 4.05	 3.77	 3.46	 2.03	 2.05	 1.7	 2
YuShan2018-3f13	 36.09	 17.69	 11.05	 7.7	 4.91	 5.2	 4.67	 2.57	 3.15	 2.86	 2.16	 1.95	 1.7	 3
YuShan2018-3f13	 39.25	 16.45	 8.98	 6.05	 7.12	 4.92	 3.52	 3.62	 3.01	 2.88	 2.67	 1.53	 1.7	 4
YuShan2018-3f13	 32.46	 15.67	 9.11	 8.26	 4.68	 5.52	 5.92	 2.66	 4.62	 4.01	 3.84	 3.25	 1.7	 5
YuShan2018-3f13	 23.36	 18.06	 4.1	 7.97	 2.02	 6.65	 1.88	 4.7	 7.08	 7.26	 11.88	 5.04	 1.7	 6
YuShan2018-3f13	 30.77	 8.23	 11.11	 6.26	 9.66	 2.36	 3.3	 3.02	 6.59	 4.97	 10.39	 3.33	 1.7	 7
YuShan2018-3sc	 45.76	 10.94	 14.89	 6.87	 4.13	 1.65	 3.2	 2.49	 2.48	 1.8	 3.1	 2.7	 0.7	 0
YuShan2018-3sc	 42.88	 10.55	 13.82	 10.65	 6.39	 4.05	 2.12	 2.91	 2.24	 0.0	 3.82	 0.56	 0.7	 1
YuShan2018-3sc	 40.24	 17.85	 8.17	 6.78	 3.69	 3.96	 3.19	 3.67	 2.93	 2.75	 3.91	 2.87	 0.7	 2
YuShan2018-3sc	 32.31	 14.91	 9.79	 8.39	 6.14	 4.5	 5.2	 3.67	 3.36	 4.43	 3.41	 3.87	 0.7	 3
YuShan2018-3sc	 42.63	 16.05	 8.99	 5.86	 5.45	 3.69	 3.31	 3.4	 3.14	 2.92	 1.96	 2.59	 0.7	 4
YuShan2018-3sc	 30.95	 15.82	 10.04	 9.05	 5.49	 5.86	 4.61	 5.02	 3.93	 2.98	 2.25	 4.01	 0.7	 5
YuShan2018-3sc	 18.11	 13.98	 12.19	 5.56	 22.22	 5.56	 0.0	 3.46	 4.76	 6.63	 2.78	 4.76	 0.7	 6
YuShan2018-3sc	 46.19	 3.45	 9.32	 2.02	 2.79	 9.45	 6.1	 10.4	 2.65	 1.43	 1.54	 4.67	 0.7	 7
YuShan2019	 43.73	 18.91	 9.26	 5.97	 4.0	 3.15	 3.14	 2.77	 2.78	 2.25	 1.83	 2.21	 1.46	 0
YuShan2019	 27.72	 15.62	 11.38	 9.07	 8.63	 5.77	 3.9	 4.53	 4.35	 2.72	 3.01	 3.29	 1.46	 1
YuShan2019	 42.12	 17.28	 8.89	 5.73	 4.31	 3.59	 3.39	 2.97	 3.02	 2.96	 2.87	 2.87	 1.46	 2
YuShan2019	 31.99	 17.37	 9.68	 7.55	 6.46	 4.97	 4.54	 3.96	 3.54	 3.56	 3.27	 3.12	 1.46	 3
YuShan2019	 35.99	 17.53	 9.85	 7.0	 4.67	 4.47	 4.21	 3.79	 3.24	 3.55	 2.96	 2.73	 1.46	 4
YuShan2019	 31.6	 15.9	 10.85	 7.46	 6.31	 5.21	 4.23	 4.01	 3.19	 3.39	 3.08	 4.76	 1.46	 5
YuShan2019	 27.47	 17.87	 9.22	 6.13	 6.61	 5.69	 4.69	 3.38	 3.3	 4.1	 3.27	 5.64	 1.46	 6
YuShan2019	 46.81	 8.39	 8.95	 6.36	 3.77	 4.47	 4.12	 2.75	 2.99	 4.43	 3.23	 3.73	 1.46	 7
YuShan2019-L22	 42.81	 17.65	 8.8	 6.91	 4.65	 3.36	 3.3	 2.7	 2.52	 2.45	 2.35	 2.5	 1.54	 0
YuShan2019-L22	 24.86	 15.33	 12.92	 8.27	 6.17	 5.66	 5.33	 3.97	 5.29	 4.67	 3.4	 4.11	 1.54	 1
YuShan2019-L22	 40.94	 17.25	 8.25	 5.51	 4.22	 3.63	 3.43	 3.41	 3.36	 3.39	 3.31	 3.31	 1.54	 2
YuShan2019-L22	 30.05	 14.74	 9.66	 7.94	 6.1	 5.84	 4.92	 4.57	 4.28	 4.22	 3.8	 3.88	 1.54	 3
YuShan2019-L22	 38.33	 16.53	 8.41	 5.82	 5.16	 4.22	 4.13	 4.05	 3.72	 3.13	 3.3	 3.21	 1.54	 4
YuShan2019-L22	 33.81	 16.74	 9.74	 6.93	 5.89	 5.21	 4.42	 3.78	 3.42	 3.64	 3.09	 3.33	 1.54	 5
YuShan2019-L22	 29.43	 13.79	 7.51	 6.74	 6.12	 5.34	 5.74	 3.96	 8.2	 4.8	 3.35	 4.25	 1.54	 6
YuShan2019-L22	 40.59	 10.18	 7.17	 7.28	 4.48	 5.79	 5.45	 3.41	 3.62	 4.42	 3.76	 3.86	 1.54	 7
YuShan2019-L221	 45.85	 18.23	 10.3	 6.87	 3.6	 2.63	 2.91	 2.64	 1.72	 1.65	 1.65	 1.96	 1.3	 0
YuShan2019-L221	 23.19	 15.77	 10.86	 10.66	 7.26	 6.23	 5.57	 3.25	 3.95	 3.26	 5.35	 4.65	 1.3	 1
YuShan2019-L221	 39.32	 18.48	 8.05	 6.15	 4.36	 3.58	 3.03	 3.71	 3.25	 3.18	 3.49	 3.4	 1.3	 2
YuShan2019-L221	 30.27	 15.43	 9.55	 6.84	 6.68	 5.37	 5.16	 4.94	 4.23	 3.87	 3.55	 4.12	 1.3	 3
YuShan2019-L221	 34.48	 15.96	 10.26	 6.45	 5.33	 5.28	 5.67	 3.37	 3.18	 3.62	 3.25	 3.14	 1.3	 4
YuShan2019-L221	 33.86	 16.93	 8.79	 6.54	 6.25	 5.12	 4.97	 4.41	 3.59	 3.41	 3.31	 2.81	 1.3	 5
YuShan2019-L221	 28.23	 18.06	 8.54	 4.22	 4.3	 7.57	 8.49	 7.96	 3.71	 4.47	 2.56	 1.9	 1.3	 6
YuShan2019-L221	 37.13	 10.45	 10.07	 5.32	 5.94	 2.89	 7.01	 6.32	 4.09	 3.16	 2.23	 5.38	 1.3	 7
YuShan2019-L222	 40.97	 18.63	 11.58	 6.11	 3.5	 3.4	 3.24	 2.79	 2.56	 2.52	 2.54	 2.16	 1.24	 0
YuShan2019-L222	 20.84	 19.29	 10.24	 10.4	 7.61	 6.53	 7.19	 3.63	 2.42	 3.54	 4.86	 3.46	 1.24	 1
YuShan2019-L222	 36.78	 18.44	 8.39	 6.47	 4.44	 4.38	 4.1	 3.69	 3.75	 3.16	 3.42	 2.97	 1.24	 2
YuShan2019-L222	 30.88	 15.24	 9.76	 6.96	 5.79	 5.33	 5.1	 4.13	 4.21	 4.84	 4.29	 3.47	 1.24	 3
YuShan2019-L222	 36.51	 16.56	 10.27	 6.06	 4.71	 5.64	 3.8	 3.66	 3.3	 3.09	 3.23	 3.16	 1.24	 4
YuShan2019-L222	 33.68	 17.58	 10.49	 6.88	 6.07	 4.71	 4.64	 3.67	 2.64	 3.35	 3.09	 3.19	 1.24	 5
YuShan2019-L222	 23.99	 17.23	 14.09	 10.35	 7.12	 6.9	 3.65	 3.53	 3.98	 1.31	 3.34	 4.51	 1.24	 6
YuShan2019-L222	 31.67	 12.33	 12.39	 5.68	 3.5	 3.29	 5.44	 4.68	 4.98	 5.6	 5.76	 4.67	 1.24	 7
YuShan2019-L223	 44.26	 17.68	 9.13	 5.77	 4.25	 3.44	 3.4	 2.65	 2.9	 2.23	 2.22	 2.06	 1.62	 0
YuShan2019-L223	 23.37	 14.79	 12.32	 9.46	 6.99	 6.59	 5.41	 4.63	 4.16	 4.62	 3.59	 3.72	 1.62	 1
YuShan2019-L223	 40.46	 17.73	 8.38	 5.45	 4.26	 3.71	 3.61	 3.35	 3.5	 3.17	 3.12	 3.25	 1.62	 2
YuShan2019-L223	 28.55	 15.22	 9.68	 7.8	 6.36	 6.12	 5.36	 4.66	 4.55	 4.24	 3.76	 3.72	 1.62	 3
YuShan2019-L223	 37.38	 16.38	 8.82	 5.64	 5.01	 4.46	 4.71	 3.95	 3.75	 3.56	 3.16	 3.17	 1.62	 4
YuShan2019-L223	 32.32	 16.13	 9.52	 7.17	 5.81	 5.73	 4.8	 4.34	 3.8	 3.78	 3.06	 3.55	 1.62	 5
YuShan2019-L223	 31.6	 15.59	 8.16	 6.52	 5.67	 6.22	 5.21	 5.55	 4.79	 3.23	 3.15	 4.0	 1.62	 6
YuShan2019-L223	 38.82	 8.62	 6.23	 6.63	 5.66	 5.59	 4.55	 4.94	 4.34	 4.45	 4.45	 5.02	 1.62	 7
YuShan2019CN	 44.7	 19.57	 9.93	 5.9	 3.41	 2.21	 2.56	 2.54	 2.7	 2.08	 2.37	 2.03	 1.59	 0
YuShan2019CN	 19.27	 14.93	 15.13	 9.54	 8.85	 6.56	 5.61	 3.53	 4.51	 3.39	 3.14	 5.56	 1.59	 1
YuShan2019CN	 38.0	 17.61	 10.25	 5.81	 4.22	 3.63	 4.34	 3.12	 2.46	 3.24	 3.35	 3.97	 1.59	 2
YuShan2019CN	 29.91	 18.13	 9.66	 7.44	 6.9	 5.17	 4.2	 4.11	 3.8	 3.57	 3.56	 3.54	 1.59	 3
YuShan2019CN	 36.62	 15.02	 10.49	 7.59	 4.7	 3.86	 4.23	 4.14	 3.61	 3.73	 3.28	 2.74	 1.59	 4
YuShan2019CN	 30.61	 16.6	 9.32	 8.92	 7.37	 4.69	 4.61	 3.97	 3.11	 3.37	 3.53	 3.91	 1.59	 5
YuShan2019CN	 29.51	 17.75	 12.58	 3.0	 2.98	 4.03	 7.55	 5.16	 4.23	 5.39	 4.31	 3.5	 1.59	 6
YuShan2019CN	 32.95	 10.89	 8.24	 4.7	 5.32	 6.11	 7.17	 5.21	 4.04	 4.44	 5.88	 5.04	 1.59	 7
YuShan2019GL1	 40.78	 18.03	 10.41	 6.7	 4.48	 3.77	 3.26	 3.15	 2.46	 2.5	 2.28	 2.19	 1.93	 0
YuShan2019GL1	 26.34	 15.35	 11.67	 9.39	 7.42	 5.98	 5.2	 4.11	 3.83	 3.54	 2.94	 3.61	 1.93	 1
YuShan2019GL1	 39.35	 17.83	 9.39	 5.98	 4.94	 4.12	 3.77	 3.46	 3.02	 2.72	 2.72	 2.71	 1.93	 2
YuShan2019GL1	 28.99	 15.52	 9.66	 7.67	 7.1	 5.88	 5.27	 4.31	 4.29	 4.17	 3.63	 3.49	 1.93	 3
YuShan2019GL1	 35.07	 16.26	 9.21	 6.76	 5.56	 5.15	 4.49	 4.15	 3.81	 3.33	 3.07	 3.13	 1.93	 4
YuShan2019GL1	 31.42	 16.45	 9.8	 7.5	 6.31	 5.48	 4.79	 4.0	 3.84	 3.46	 3.41	 3.55	 1.93	 5
YuShan2019GL1	 31.6	 16.15	 10.26	 6.21	 5.18	 4.75	 5.22	 4.86	 3.83	 3.78	 3.97	 3.91	 1.93	 6
YuShan2019GL1	 39.57	 9.96	 9.05	 5.95	 5.45	 5.42	 4.63	 3.91	 4.05	 4.18	 3.84	 3.64	 1.93	 7
YuShan2019NB1	 40.86	 18.4	 10.16	 6.45	 4.56	 3.51	 3.3	 2.84	 2.5	 2.54	 2.63	 2.25	 1.91	 0
YuShan2019NB1	 24.61	 15.52	 12.56	 9.7	 7.13	 5.2	 5.63	 4.12	 4.46	 3.29	 3.7	 3.78	 1.91	 1
YuShan2019NB1	 41.24	 17.63	 9.01	 5.76	 4.33	 3.99	 3.36	 3.2	 2.87	 2.84	 2.88	 2.89	 1.91	 2
YuShan2019NB1	 31.82	 16.25	 9.92	 7.95	 6.29	 5.52	 4.45	 3.73	 3.65	 3.54	 3.24	 3.63	 1.91	 3
YuShan2019NB1	 36.69	 16.75	 9.37	 6.08	 4.94	 4.74	 4.2	 3.68	 4.0	 3.47	 3.08	 2.99	 1.91	 4
YuShan2019NB1	 25.8	 15.66	 10.44	 7.73	 6.12	 5.37	 5.03	 4.8	 4.81	 4.94	 4.31	 4.98	 1.91	 5
YuShan2019NB1	 30.84	 17.98	 9.93	 8.8	 6.85	 4.17	 3.31	 2.74	 3.73	 3.8	 3.38	 3.82	 1.91	 6
YuShan2019NB1	 38.58	 10.26	 9.19	 7.28	 4.77	 4.93	 4.6	 3.31	 3.49	 4.08	 4.91	 4.61	 1.91	 7
YuShan2019_A	 41.85	 17.1	 10.52	 6.2	 3.39	 2.58	 2.84	 2.67	 2.38	 4.24	 3.05	 3.18	 0.76	 0
YuShan2019_A	 23.13	 18.02	 10.6	 13.53	 6.84	 6.43	 3.52	 2.08	 1.65	 5.32	 3.6	 5.29	 0.76	 1
YuShan2019_A	 40.13	 16.34	 8.67	 6.81	 5.13	 4.42	 3.86	 3.23	 3.25	 3.06	 2.56	 2.55	 0.76	 2
YuShan2019_A	 35.07	 18.9	 10.99	 6.88	 4.86	 4.43	 3.71	 4.0	 3.11	 3.38	 2.17	 2.49	 0.76	 3
YuShan2019_A	 28.8	 15.43	 10.07	 6.74	 6.53	 5.22	 4.67	 5.21	 5.12	 3.94	 4.66	 3.6	 0.76	 4
YuShan2019_A	 25.37	 17.48	 11.94	 7.22	 6.48	 3.62	 6.28	 4.46	 3.88	 4.19	 3.24	 5.85	 0.76	 5
YuShan2019_A	 26.91	 19.92	 6.8	 4.59	 5.12	 3.64	 9.98	 5.55	 3.91	 2.23	 5.47	 5.87	 0.76	 6
YuShan2019_A	 39.48	 11.04	 7.7	 6.06	 5.44	 4.53	 2.96	 6.52	 3.72	 4.54	 4.86	 3.15	 0.76	 7
YuShan2019_B1	 48.21	 16.77	 12.24	 5.59	 1.39	 1.91	 3.0	 2.24	 2.17	 1.84	 2.01	 2.64	 0.74	 0
YuShan2019_B1	 46.2	 10.66	 7.84	 5.61	 6.95	 3.87	 2.94	 0.97	 4.19	 2.78	 6.56	 1.43	 0.74	 1
YuShan2019_B1	 42.28	 17.32	 11.01	 6.43	 4.08	 3.51	 2.95	 2.46	 2.8	 2.25	 2.08	 2.8	 0.74	 2
YuShan2019_B1	 38.87	 18.12	 10.8	 6.97	 4.26	 4.01	 3.71	 3.28	 2.69	 2.52	 2.01	 2.76	 0.74	 3
YuShan2019_B1	 38.89	 17.55	 7.82	 5.51	 3.85	 4.89	 4.01	 3.95	 4.35	 3.03	 2.94	 3.21	 0.74	 4
YuShan2019_B1	 28.89	 18.22	 10.01	 6.96	 6.12	 7.47	 4.49	 4.78	 3.13	 3.08	 3.84	 3.0	 0.74	 5
YuShan2019_B1	 28.56	 17.7	 8.75	 6.94	 7.53	 3.99	 5.06	 6.0	 4.1	 3.81	 4.68	 2.87	 0.74	 6
YuShan2019_B1	 53.98	 10.66	 9.88	 6.41	 5.83	 2.12	 0.84	 1.85	 1.79	 2.45	 3.07	 1.13	 0.74	 7
YuShan2019_I	 42.98	 17.57	 9.83	 6.36	 4.27	 3.67	 3.4	 3.11	 2.37	 2.38	 2.28	 1.77	 1.66	 0
YuShan2019_I	 26.6	 16.32	 11.1	 9.95	 7.34	 4.46	 4.5	 4.54	 4.05	 4.2	 3.18	 3.76	 1.66	 1
YuShan2019_I	 39.24	 16.46	 9.4	 6.59	 4.92	 3.96	 3.56	 3.39	 3.36	 3.24	 2.91	 2.97	 1.66	 2
YuShan2019_I	 29.31	 16.45	 10.04	 8.24	 6.46	 5.64	 5.0	 4.13	 3.87	 3.84	 3.37	 3.66	 1.66	 3
YuShan2019_I	 36.03	 16.11	 9.6	 6.53	 5.01	 4.71	 4.3	 3.89	 4.03	 3.55	 3.27	 2.95	 1.66	 4
YuShan2019_I	 26.02	 15.54	 9.93	 8.44	 6.58	 6.03	 4.99	 4.63	 4.73	 4.48	 4.14	 4.49	 1.66	 5
YuShan2019_I	 30.61	 16.75	 11.03	 8.24	 4.63	 5.12	 5.35	 3.37	 2.95	 5.51	 2.83	 3.63	 1.66	 6
YuShan2019_I	 30.12	 11.6	 10.85	 7.97	 7.63	 5.45	 4.47	 4.54	 5.04	 4.43	 3.25	 4.67	 1.66	 7
YuShan2019_J	 41.98	 16.9	 9.63	 6.29	 4.49	 3.97	 3.7	 2.83	 3.18	 2.78	 1.85	 2.41	 1.65	 0
YuShan2019_J	 26.8	 16.22	 11.72	 8.07	 6.22	 5.59	 4.99	 4.35	 4.56	 3.98	 3.7	 3.8	 1.65	 1
YuShan2019_J	 41.21	 17.81	 9.37	 5.82	 4.5	 3.9	 3.25	 2.97	 3.0	 2.94	 2.68	 2.55	 1.65	 2
YuShan2019_J	 27.09	 15.03	 9.85	 7.52	 6.58	 5.81	 5.47	 4.94	 4.39	 4.66	 4.37	 4.29	 1.65	 3
YuShan2019_J	 35.15	 16.62	 10.18	 7.19	 5.47	 4.66	 4.26	 3.58	 3.71	 3.27	 3.08	 2.83	 1.65	 4
YuShan2019_J	 25.07	 14.69	 10.12	 8.37	 6.75	 5.74	 5.23	 4.62	 4.87	 4.73	 4.69	 5.13	 1.65	 5
YuShan2019_J	 31.86	 14.95	 10.87	 8.85	 5.38	 4.91	 4.85	 3.91	 4.29	 3.46	 3.36	 3.32	 1.65	 6
YuShan2019_J	 33.36	 13.09	 9.01	 7.93	 6.11	 5.58	 5.61	 3.28	 4.3	 4.35	 3.07	 4.31	 1.65	 7
YuShan2020	 57.2	 10.47	 6.32	 4.32	 3.23	 3.6	 3.21	 3.54	 2.48	 2.15	 1.71	 1.77	 1.06	 0
YuShan2020	 45.41	 3.63	 3.16	 10.95	 2.77	 7.73	 10.5	 4.27	 2.98	 1.71	 3.53	 3.37	 1.06	 1
YuShan2020	 54.82	 11.56	 5.95	 4.73	 3.82	 3.65	 3.59	 2.9	 1.99	 2.7	 2.39	 1.91	 1.06	 2
YuShan2020	 52.11	 8.84	 6.81	 5.17	 4.49	 4.95	 3.93	 2.55	 3.06	 2.45	 2.55	 3.07	 1.06	 3
YuShan2020	 50.99	 8.5	 4.94	 6.48	 2.8	 6.12	 5.06	 2.44	 2.92	 4.52	 3.64	 1.58	 1.06	 4
YuShan2020	 46.33	 9.26	 4.81	 8.15	 4.78	 7.13	 6.09	 2.61	 3.97	 3.19	 1.48	 2.19	 1.06	 5
YuShan2020	 54.23	 7.67	 3.22	 0.99	 9.27	 2.15	 2.39	 8.86	 0.57	 2.27	 6.69	 1.7	 1.06	 6
YuShan2020	 48.42	 6.02	 4.96	 6.48	 1.18	 8.49	 2.17	 8.14	 4.68	 7.74	 0.49	 1.22	 1.06	 7
YuShan433-F13	 42.03	 17.69	 9.93	 6.46	 4.1	 3.66	 3.5	 3.0	 2.6	 2.63	 2.26	 2.15	 1.9	 0
YuShan433-F13	 23.71	 16.08	 11.7	 10.0	 8.1	 6.41	 6.13	 4.34	 3.84	 3.24	 3.14	 3.32	 1.9	 1
YuShan433-F13	 38.84	 16.08	 9.25	 6.49	 5.49	 4.26	 3.87	 3.6	 3.41	 3.24	 2.71	 2.77	 1.9	 2
YuShan433-F13	 29.87	 16.69	 9.89	 7.98	 6.37	 5.39	 4.98	 4.51	 3.83	 3.98	 3.38	 3.14	 1.9	 3
YuShan433-F13	 34.58	 16.71	 10.54	 7.25	 5.13	 4.53	 3.95	 3.86	 3.5	 3.85	 3.26	 2.85	 1.9	 4
YuShan433-F13	 26.39	 16.17	 10.16	 8.27	 6.21	 5.99	 5.37	 4.18	 4.17	 4.53	 3.98	 4.58	 1.9	 5
YuShan433-F13	 28.54	 16.17	 12.3	 6.62	 5.29	 5.63	 4.19	 4.79	 4.59	 4.85	 2.8	 3.78	 1.9	 6
YuShan433-F13	 35.14	 12.36	 9.18	 7.37	 5.59	 5.37	 5.33	 4.56	 3.98	 4.68	 3.42	 3.02	 1.9	 7
YuShan433-F16	 41.74	 17.45	 9.79	 6.47	 4.43	 3.49	 3.41	 3.03	 2.74	 2.78	 2.32	 2.35	 1.84	 0
YuShan433-F16	 24.48	 16.23	 12.51	 9.26	 7.3	 5.65	 4.25	 5.32	 4.3	 3.96	 2.96	 3.77	 1.84	 1
YuShan433-F16	 38.9	 16.12	 9.63	 6.9	 5.1	 3.91	 3.73	 3.39	 3.41	 3.13	 2.82	 2.95	 1.84	 2
YuShan433-F16	 30.19	 16.32	 10.11	 8.22	 5.99	 5.96	 4.58	 3.84	 4.42	 3.71	 3.36	 3.3	 1.84	 3
YuShan433-F16	 35.18	 16.74	 10.48	 6.84	 5.32	 4.48	 4.03	 3.52	 3.81	 3.55	 3.19	 2.86	 1.84	 4
YuShan433-F16	 26.96	 15.81	 10.71	 7.31	 6.87	 5.74	 5.38	 4.25	 4.27	 4.39	 4.09	 4.22	 1.84	 5
YuShan433-F16	 28.69	 17.42	 11.9	 8.04	 5.32	 5.61	 4.67	 3.78	 4.27	 3.72	 2.75	 3.84	 1.84	 6
YuShan433-F16	 32.95	 12.61	 8.91	 9.89	 6.34	 5.14	 5.51	 3.84	 3.9	 3.92	 3.66	 3.32	 1.84	 7
YuShan433-SC	 40.66	 17.71	 9.64	 6.39	 4.64	 3.64	 3.47	 3.15	 2.87	 2.85	 2.55	 2.43	 1.38	 0
YuShan433-SC	 21.02	 14.99	 12.76	 10.52	 8.14	 6.22	 6.96	 4.51	 3.66	 4.01	 3.14	 4.08	 1.38	 1
YuShan433-SC	 38.94	 16.85	 9.19	 5.78	 4.76	 4.03	 3.47	 3.54	 3.42	 3.51	 3.24	 3.29	 1.38	 2
YuShan433-SC	 29.15	 15.57	 9.93	 7.91	 6.51	 5.89	 5.13	 4.28	 3.97	 3.97	 3.65	 4.03	 1.38	 3
YuShan433-SC	 36.18	 16.82	 9.48	 6.64	 5.03	 4.51	 4.33	 3.96	 3.62	 3.33	 2.94	 3.16	 1.38	 4
YuShan433-SC	 28.54	 15.88	 10.1	 7.59	 6.48	 5.35	 5.04	 4.44	 4.25	 3.87	 4.22	 4.23	 1.38	 5
YuShan433-SC	 27.05	 15.74	 10.7	 7.53	 5.63	 4.17	 3.7	 6.73	 3.84	 4.36	 4.69	 5.88	 1.38	 6
YuShan433-SC	 34.25	 11.4	 7.9	 8.18	 5.92	 4.45	 5.69	 4.71	 4.14	 4.83	 4.54	 3.99	 1.38	 7
YuShan442	 47.28	 18.01	 9.54	 5.78	 4.52	 3.15	 2.84	 2.61	 1.84	 1.63	 1.4	 1.41	 1.27	 0
YuShan442	 29.07	 17.22	 14.17	 9.11	 6.66	 4.81	 3.97	 4.29	 3.3	 2.64	 2.4	 2.34	 1.27	 1
YuShan442	 45.45	 17.27	 9.11	 6.09	 3.78	 3.48	 2.78	 2.66	 2.63	 2.4	 2.17	 2.19	 1.27	 2
YuShan442	 33.21	 16.58	 10.05	 7.44	 5.88	 4.93	 4.27	 3.96	 3.54	 3.65	 3.24	 3.24	 1.27	 3
YuShan442	 41.2	 15.92	 8.82	 6.39	 4.98	 4.38	 3.88	 3.23	 3.43	 2.84	 2.54	 2.4	 1.27	 4
YuShan442	 28.84	 15.59	 9.6	 7.52	 5.94	 5.68	 5.31	 4.54	 4.64	 4.51	 3.86	 3.95	 1.27	 5
YuShan442	 33.38	 17.13	 9.59	 7.15	 6.27	 4.93	 4.1	 4.72	 3.75	 3.65	 2.74	 2.59	 1.27	 6
YuShan442	 32.68	 12.24	 9.51	 7.61	 6.07	 5.4	 5.23	 4.27	 4.41	 4.32	 4.13	 4.14	 1.27	 7
YuShan442-0506	 43.66	 18.73	 9.84	 5.17	 3.91	 4.6	 3.49	 2.81	 2.39	 2.11	 1.49	 1.81	 1.07	 0
YuShan442-0506	 29.62	 19.84	 13.19	 8.39	 6.74	 4.3	 3.02	 3.64	 4.06	 2.53	 2.05	 2.62	 1.07	 1
YuShan442-0506	 42.25	 16.58	 9.95	 6.64	 5.05	 3.33	 3.15	 3.16	 3.1	 2.66	 2.26	 1.87	 1.07	 2
YuShan442-0506	 35.51	 17.06	 10.5	 7.51	 5.48	 4.21	 4.15	 3.78	 3.29	 3.18	 2.49	 2.84	 1.07	 3
YuShan442-0506	 37.02	 15.59	 9.26	 7.21	 5.9	 5.25	 3.76	 3.82	 3.22	 3.44	 2.76	 2.77	 1.07	 4
YuShan442-0506	 27.15	 15.07	 10.11	 7.79	 6.41	 5.85	 5.49	 4.31	 4.56	 4.72	 4.24	 4.3	 1.07	 5
YuShan442-0506	 30.26	 16.08	 9.79	 8.73	 6.51	 5.87	 5.32	 4.53	 3.51	 4.24	 2.45	 2.69	 1.07	 6
YuShan442-0506	 32.0	 11.61	 9.0	 6.98	 7.42	 6.17	 5.34	 4.38	 4.71	 4.3	 4.35	 3.74	 1.07	 7
YuShan442-0509	 41.05	 18.82	 9.98	 6.73	 4.03	 3.42	 2.2	 3.31	 2.75	 3.0	 2.49	 2.23	 0.72	 0
YuShan442-0509	 33.58	 15.86	 11.69	 5.85	 8.08	 6.3	 3.68	 3.13	 4.1	 2.47	 2.26	 3.0	 0.72	 1
YuShan442-0509	 42.34	 18.17	 8.92	 5.59	 4.18	 3.26	 3.21	 3.24	 2.75	 2.73	 2.81	 2.81	 0.72	 2
YuShan442-0509	 30.44	 15.54	 10.12	 6.87	 5.73	 5.36	 5.28	 4.49	 3.95	 4.15	 4.11	 3.97	 0.72	 3
YuShan442-0509	 37.31	 17.71	 9.84	 6.33	 5.09	 4.68	 4.02	 3.63	 3.2	 2.92	 2.61	 2.67	 0.72	 4
YuShan442-0509	 29.62	 15.38	 10.53	 7.52	 6.01	 5.5	 5.09	 4.56	 4.13	 4.01	 3.42	 4.24	 0.72	 5
YuShan442-0509	 33.2	 21.11	 9.08	 4.4	 8.1	 3.87	 2.94	 2.08	 5.72	 2.35	 3.49	 3.68	 0.72	 6
YuShan442-0509	 38.25	 9.59	 7.37	 8.33	 4.09	 6.45	 4.33	 4.03	 4.91	 3.94	 3.9	 4.82	 0.72	 7
YuShan442-F16	 43.84	 15.77	 10.59	 5.63	 4.11	 4.52	 2.49	 3.85	 3.08	 1.89	 1.85	 2.36	 1.15	 0
YuShan442-F16	 30.54	 18.19	 11.74	 8.06	 5.96	 6.4	 4.34	 4.93	 2.77	 2.98	 1.26	 2.83	 1.15	 1
YuShan442-F16	 40.29	 16.61	 10.55	 6.66	 4.76	 4.06	 3.82	 2.93	 3.23	 2.62	 2.17	 2.29	 1.15	 2
YuShan442-F16	 33.11	 15.71	 10.17	 7.89	 6.21	 5.64	 4.69	 3.73	 3.51	 3.33	 3.3	 2.7	 1.15	 3
YuShan442-F16	 35.7	 16.69	 9.66	 7.75	 5.29	 4.82	 3.59	 3.65	 3.17	 3.4	 3.64	 2.63	 1.15	 4
YuShan442-F16	 25.86	 15.25	 10.04	 8.25	 6.12	 6.25	 5.33	 3.97	 4.71	 4.97	 4.4	 4.86	 1.15	 5
YuShan442-F16	 28.79	 19.35	 11.33	 5.15	 4.9	 5.19	 3.32	 5.37	 6.13	 4.1	 2.43	 3.93	 1.15	 6
YuShan442-F16	 39.96	 8.27	 6.18	 5.61	 7.02	 4.91	 4.81	 4.96	 5.25	 4.06	 2.7	 6.27	 1.15	 7
YuShan442-F160	 41.45	 19.21	 9.64	 6.65	 3.3	 4.16	 3.98	 3.41	 2.84	 1.74	 2.17	 1.44	 1.47	 0
YuShan442-F160	 23.85	 16.74	 15.37	 8.45	 5.88	 7.55	 3.32	 4.42	 3.49	 2.31	 4.03	 4.59	 1.47	 1
YuShan442-F160	 39.99	 16.84	 9.73	 8.16	 4.61	 4.41	 3.54	 2.93	 2.8	 2.4	 2.47	 2.12	 1.47	 2
YuShan442-F160	 33.25	 16.17	 10.18	 7.9	 5.8	 4.92	 4.26	 4.03	 4.03	 3.35	 3.11	 2.99	 1.47	 3
YuShan442-F160	 35.79	 16.05	 9.25	 7.14	 4.74	 4.49	 4.81	 3.85	 4.02	 3.61	 3.2	 3.05	 1.47	 4
YuShan442-F160	 25.02	 14.39	 9.71	 8.05	 7.54	 5.91	 5.5	 4.94	 5.22	 4.44	 4.23	 5.04	 1.47	 5
YuShan442-F160	 26.53	 15.23	 6.03	 12.93	 6.29	 2.78	 5.75	 4.3	 4.94	 4.33	 4.36	 4.71	 1.47	 6
YuShan442-F160	 38.96	 12.64	 7.18	 6.35	 5.5	 5.09	 5.85	 3.18	 6.89	 2.76	 2.44	 3.16	 1.47	 7
YuShan442-SC	 43.49	 16.27	 8.76	 6.1	 5.48	 3.46	 3.99	 3.52	 1.77	 3.02	 2.24	 1.89	 1.1	 0
YuShan442-SC	 31.44	 15.36	 13.48	 9.09	 8.06	 4.49	 3.65	 3.17	 2.76	 3.69	 2.14	 2.67	 1.1	 1
YuShan442-SC	 42.66	 16.81	 8.69	 5.79	 4.51	 3.66	 3.26	 3.43	 2.57	 3.07	 2.71	 2.83	 1.1	 2
YuShan442-SC	 29.41	 15.34	 9.51	 7.24	 6.27	 5.63	 5.17	 4.75	 4.54	 4.41	 3.59	 4.13	 1.1	 3
YuShan442-SC	 34.71	 18.13	 10.44	 6.71	 5.9	 3.75	 4.76	 3.62	 3.18	 3.43	 2.44	 2.93	 1.1	 4
YuShan442-SC	 28.03	 15.31	 9.8	 7.64	 5.72	 5.31	 5.58	 4.64	 4.34	 4.63	 4.18	 4.83	 1.1	 5
YuShan442-SC	 32.99	 15.25	 10.22	 2.89	 3.96	 3.64	 6.45	 5.54	 4.86	 5.43	 2.67	 4.27	 1.1	 6
YuShan442-SC	 36.57	 9.69	 11.17	 4.21	 6.69	 5.6	 4.84	 5.22	 3.13	 5.0	 4.32	 3.57	 1.1	 7
YuShan442-SC0	 41.28	 16.36	 9.88	 5.38	 5.1	 3.37	 4.75	 3.41	 2.83	 2.14	 3.73	 1.76	 0.97	 0
YuShan442-SC0	 29.7	 16.32	 10.29	 9.28	 7.49	 4.65	 4.99	 4.16	 3.3	 3.41	 1.87	 4.53	 0.97	 1
YuShan442-SC0	 41.19	 18.13	 9.34	 5.87	 4.48	 3.61	 3.1	 3.14	 2.83	 2.51	 2.62	 3.18	 0.97	 2
YuShan442-SC0	 29.31	 15.47	 9.81	 7.09	 6.08	 5.7	 5.73	 4.37	 4.37	 4.24	 3.61	 4.22	 0.97	 3
YuShan442-SC0	 39.44	 16.15	 9.07	 6.62	 4.9	 4.11	 4.03	 3.52	 3.71	 3.18	 2.72	 2.55	 0.97	 4
YuShan442-SC0	 28.96	 16.43	 10.39	 6.97	 5.65	 5.33	 4.89	 4.28	 4.33	 3.96	 4.19	 4.63	 0.97	 5
YuShan442-SC0	 26.5	 21.87	 13.65	 3.58	 6.12	 3.75	 5.47	 3.28	 4.73	 3.63	 2.95	 4.48	 0.97	 6
YuShan442-SC0	 35.92	 12.51	 5.89	 7.2	 8.08	 4.92	 5.89	 4.47	 3.46	 5.0	 3.2	 3.47	 0.97	 7
YuShanG	 37.25	 16.42	 11.34	 8.06	 2.71	 4.04	 8.42	 3.13	 2.7	 1.69	 2.18	 2.07	 0.47	 0
YuShanG	 17.9	 25.97	 13.79	 13.09	 3.37	 2.96	 2.78	 11.8	 0.0	 3.47	 1.88	 2.98	 0.47	 1
YuShanG	 41.53	 17.95	 11.17	 6.35	 5.36	 4.76	 2.81	 3.09	 2.73	 1.93	 0.78	 1.54	 0.47	 2
YuShanG	 38.18	 17.29	 9.59	 8.49	 4.03	 5.76	 3.05	 3.07	 2.48	 2.97	 2.59	 2.51	 0.47	 3
YuShanG	 35.39	 17.18	 11.1	 7.32	 5.31	 4.85	 3.69	 4.56	 1.96	 2.28	 3.62	 2.73	 0.47	 4
YuShanG	 26.52	 16.91	 11.26	 8.64	 9.17	 6.35	 5.06	 3.05	 3.21	 3.74	 2.51	 3.56	 0.47	 5
YuShanG	 31.45	 20.79	 10.49	 6.73	 6.49	 2.23	 6.32	 1.75	 2.57	 5.71	 4.2	 1.28	 0.47	 6
YuShanG	 39.0	 9.72	 3.75	 3.48	 1.56	 10.16	 7.15	 6.79	 3.66	 8.16	 3.82	 2.76	 0.47	 7
YuShan_4231	 44.04	 19.2	 11.0	 4.73	 4.72	 2.53	 2.58	 2.15	 2.13	 2.84	 1.86	 2.22	 3.58	 0
YuShan_4231	 25.81	 16.75	 11.72	 9.96	 7.36	 4.89	 4.73	 3.28	 3.62	 3.83	 3.32	 4.73	 3.58	 1
YuShan_4231	 46.09	 16.19	 8.45	 5.33	 3.75	 3.24	 3.02	 4.09	 2.72	 2.2	 2.3	 2.6	 3.58	 2
YuShan_4231	 31.72	 15.3	 10.53	 7.76	 6.19	 6.05	 4.39	 3.79	 3.43	 3.74	 3.58	 3.52	 3.58	 3
YuShan_4231	 38.41	 15.85	 9.82	 6.45	 4.59	 5.01	 4.01	 3.3	 3.49	 3.75	 2.69	 2.62	 3.58	 4
YuShan_4231	 26.46	 16.16	 9.34	 7.28	 5.5	 5.81	 4.99	 4.26	 4.93	 4.97	 4.22	 6.08	 3.58	 5
YuShan_4231	 31.56	 15.33	 7.39	 8.88	 3.63	 4.86	 5.24	 4.27	 4.36	 2.83	 7.95	 3.71	 3.58	 6
YuShan_4231	 42.58	 9.31	 8.76	 6.43	 4.54	 4.8	 6.55	 3.13	 6.01	 2.79	 2.1	 3.0	 3.58	 7
YuShan_DB	 71.27	 11.13	 4.6	 3.26	 1.79	 0.32	 0.42	 0.59	 0.3	 0.44	 0.11	 0.2	 0.13	 0
YuShan_DB	 57.63	 4.74	 4.08	 0.0	 0.0	 0.0	 0.51	 0.51	 0.51	 0.0	 0.93	 0.0	 0.13	 1
YuShan_DB	 50.3	 21.5	 10.78	 5.43	 2.75	 2.05	 1.13	 1.49	 1.35	 1.17	 0.9	 1.15	 0.13	 2
YuShan_DB	 44.35	 18.2	 10.58	 5.93	 3.78	 2.61	 2.58	 2.06	 2.11	 2.95	 2.65	 2.19	 0.13	 3
YuShan_DB	 31.57	 19.41	 14.42	 7.41	 4.49	 4.49	 3.31	 3.16	 3.32	 2.63	 2.98	 2.8	 0.13	 4
YuShan_DB	 29.87	 16.15	 11.92	 8.85	 5.86	 4.52	 4.51	 3.48	 3.41	 3.65	 3.9	 3.88	 0.13	 5
YuShan_DB	 18.6	 18.43	 19.13	 8.55	 5.76	 6.85	 7.11	 3.44	 3.54	 2.19	 3.67	 2.72	 0.13	 6
YuShan_DB	 39.72	 8.49	 11.6	 7.11	 4.8	 3.81	 3.11	 3.36	 5.65	 5.8	 2.92	 3.63	 0.13	 7
YuShan_GL	 43.9	 14.51	 10.87	 6.38	 4.13	 1.45	 5.26	 3.71	 3.78	 1.9	 0.92	 3.18	 1.49	 0
YuShan_GL	 9.64	 6.9	 39.46	 18.56	 2.97	 1.16	 0.67	 0.14	 0.58	 0.63	 2.18	 17.1	 1.49	 1
YuShan_GL	 37.49	 15.59	 9.45	 5.73	 5.71	 7.66	 5.1	 2.69	 3.62	 2.79	 2.35	 1.84	 1.49	 2
YuShan_GL	 22.0	 15.58	 11.58	 8.62	 7.97	 7.82	 4.51	 5.39	 5.7	 2.72	 5.44	 2.67	 1.49	 3
YuShan_GL	 26.67	 16.8	 9.49	 7.73	 3.73	 7.31	 12.17	 3.09	 2.48	 7.69	 1.68	 1.17	 1.49	 4
YuShan_GL	 18.31	 11.95	 10.11	 7.57	 7.13	 12.03	 7.1	 2.66	 8.97	 8.04	 3.25	 2.88	 1.49	 5
YuShan_GL	 17.34	 25.05	 13.92	 9.37	 1.67	 1.96	 0.85	 9.19	 0.66	 13.76	 2.75	 0.56	 1.49	 6
YuShan_GL	 39.79	 7.77	 6.97	 11.21	 9.32	 2.2	 2.32	 1.43	 7.79	 9.18	 1.02	 1.0	 1.49	 7
YuShan_GL-0417	 40.03	 17.86	 9.61	 7.09	 4.67	 3.65	 3.17	 3.35	 3.19	 2.81	 2.22	 2.36	 1.87	 0
YuShan_GL-0417	 25.33	 13.76	 10.63	 9.89	 8.27	 7.65	 4.74	 4.03	 4.38	 3.6	 3.47	 4.26	 1.87	 1
YuShan_GL-0417	 38.21	 17.63	 9.38	 6.46	 4.93	 4.25	 3.79	 3.16	 3.32	 3.07	 2.72	 3.08	 1.87	 2
YuShan_GL-0417	 27.95	 15.57	 10.26	 7.8	 6.08	 6.14	 5.66	 4.72	 4.14	 3.7	 4.18	 3.79	 1.87	 3
YuShan_GL-0417	 36.53	 16.11	 9.1	 6.07	 4.5	 4.91	 4.55	 4.47	 3.99	 3.83	 3.01	 2.92	 1.87	 4
YuShan_GL-0417	 28.97	 15.01	 9.69	 7.52	 7.2	 5.28	 5.57	 4.5	 4.11	 3.89	 4.18	 4.09	 1.87	 5
YuShan_GL-0417	 29.42	 16.71	 7.72	 7.02	 5.97	 4.4	 6.12	 3.94	 4.99	 3.4	 3.72	 3.92	 1.87	 6
YuShan_GL-0417	 40.79	 11.44	 8.17	 4.46	 4.48	 7.4	 5.5	 4.38	 3.86	 2.62	 2.8	 4.1	 1.87	 7
YuShan_GL_B2	 44.11	 17.05	 7.95	 6.11	 4.36	 3.14	 2.76	 3.74	 2.17	 3.79	 2.16	 2.67	 0.96	 0
YuShan_GL_B2	 26.92	 16.26	 15.1	 11.72	 6.72	 5.77	 4.65	 2.53	 1.54	 2.12	 4.21	 2.47	 0.96	 1
YuShan_GL_B2	 37.78	 17.44	 9.66	 6.8	 5.07	 5.14	 4.43	 3.43	 2.67	 3.12	 2.2	 2.26	 0.96	 2
YuShan_GL_B2	 31.04	 15.82	 9.76	 7.93	 7.34	 4.99	 5.75	 4.39	 3.0	 3.71	 3.05	 3.22	 0.96	 3
YuShan_GL_B2	 32.59	 16.26	 9.03	 5.41	 5.04	 5.41	 4.88	 5.05	 4.71	 3.71	 3.45	 4.43	 0.96	 4
YuShan_GL_B2	 28.42	 16.05	 10.43	 5.87	 5.76	 5.5	 5.29	 5.14	 4.85	 4.0	 4.13	 4.56	 0.96	 5
YuShan_GL_B2	 29.6	 17.15	 8.46	 4.78	 6.05	 9.37	 2.2	 3.36	 7.71	 3.59	 4.97	 2.78	 0.96	 6
YuShan_GL_B2	 49.21	 5.13	 6.22	 5.12	 4.1	 5.23	 3.97	 3.13	 5.4	 3.56	 4.1	 4.83	 0.96	 7
YuShan_GL_F13	 42.44	 18.3	 10.06	 6.42	 4.95	 2.96	 3.48	 2.66	 2.32	 2.62	 2.24	 1.55	 1.84	 0
YuShan_GL_F13	 26.53	 19.51	 11.05	 9.46	 6.24	 6.09	 4.42	 4.77	 3.79	 3.2	 1.91	 3.03	 1.84	 1
YuShan_GL_F13	 40.01	 17.41	 9.32	 5.9	 4.85	 4.26	 3.71	 3.23	 3.06	 2.81	 2.76	 2.67	 1.84	 2
YuShan_GL_F13	 29.41	 16.18	 9.81	 7.83	 6.0	 5.99	 5.37	 4.05	 3.89	 3.96	 3.41	 4.08	 1.84	 3
YuShan_GL_F13	 33.16	 16.44	 9.45	 6.36	 6.13	 4.9	 5.2	 3.73	 4.23	 3.65	 3.49	 3.27	 1.84	 4
YuShan_GL_F13	 23.88	 15.33	 9.99	 8.17	 7.25	 6.93	 5.7	 5.16	 4.41	 4.79	 4.13	 4.25	 1.84	 5
YuShan_GL_F13	 26.25	 14.44	 8.97	 8.22	 6.93	 6.03	 4.01	 4.92	 7.23	 3.8	 2.82	 6.38	 1.84	 6
YuShan_GL_F13	 42.66	 6.86	 6.38	 7.89	 4.75	 8.29	 3.84	 3.88	 4.23	 4.93	 3.3	 2.99	 1.84	 7
YuShan_GL_KG	 41.85	 18.92	 10.24	 5.57	 4.71	 3.63	 3.3	 2.74	 1.97	 2.51	 1.97	 2.6	 0.47	 0
YuShan_GL_KG	 25.92	 19.24	 11.67	 9.67	 4.99	 2.83	 4.63	 4.95	 4.03	 2.56	 6.55	 2.94	 0.47	 1
YuShan_GL_KG	 43.34	 17.96	 8.94	 5.49	 4.25	 3.73	 3.21	 2.77	 3.16	 2.63	 2.29	 2.22	 0.47	 2
YuShan_GL_KG	 33.56	 15.25	 9.3	 7.52	 7.08	 5.49	 5.1	 4.48	 3.44	 3.41	 2.25	 3.11	 0.47	 3
YuShan_GL_KG	 33.5	 16.0	 8.64	 6.76	 5.37	 4.36	 5.61	 4.42	 4.42	 4.03	 3.06	 3.83	 0.47	 4
YuShan_GL_KG	 26.74	 15.62	 10.84	 7.71	 6.96	 5.74	 5.56	 5.01	 3.36	 4.08	 4.54	 3.84	 0.47	 5
YuShan_GL_KG	 28.28	 17.86	 10.28	 8.19	 6.07	 3.96	 4.66	 3.78	 4.14	 3.64	 4.7	 4.46	 0.47	 6
YuShan_GL_KG	 38.34	 7.77	 9.99	 7.32	 6.31	 8.15	 3.63	 3.43	 5.18	 3.1	 3.14	 3.65	 0.47	 7
YuShan_GL_SC	 41.23	 17.88	 10.02	 6.6	 4.46	 3.62	 3.31	 3.05	 2.93	 2.53	 2.42	 1.94	 1.4	 0
YuShan_GL_SC	 26.52	 15.46	 9.55	 9.04	 7.28	 6.28	 4.84	 3.0	 4.3	 4.87	 4.04	 4.83	 1.4	 1
YuShan_GL_SC	 39.57	 18.44	 8.98	 5.96	 4.52	 4.29	 3.77	 3.24	 2.77	 3.01	 2.86	 2.59	 1.4	 2
YuShan_GL_SC	 27.87	 15.42	 9.5	 7.87	 7.31	 5.65	 5.7	 4.63	 4.07	 4.2	 3.98	 3.81	 1.4	 3
YuShan_GL_SC	 35.49	 16.73	 9.62	 6.65	 5.62	 5.1	 4.05	 3.63	 3.49	 3.49	 3.17	 2.99	 1.4	 4
YuShan_GL_SC	 30.93	 15.72	 9.86	 8.05	 6.59	 5.06	 5.07	 3.58	 4.07	 3.94	 3.71	 3.39	 1.4	 5
YuShan_GL_SC	 31.15	 11.59	 11.93	 7.23	 8.13	 6.65	 5.24	 4.21	 3.36	 3.74	 2.94	 3.83	 1.4	 6
YuShan_GL_SC	 37.36	 11.4	 9.22	 7.46	 3.42	 3.5	 5.32	 6.33	 4.3	 2.92	 3.21	 5.55	 1.4	 7
YuShan_GL_YS	 41.74	 16.94	 11.6	 7.76	 5.57	 3.56	 3.27	 2.62	 2.76	 1.18	 1.81	 1.18	 1.71	 0
YuShan_GL_YS	 32.79	 15.4	 11.13	 13.14	 7.86	 4.88	 5.73	 2.11	 1.89	 2.56	 1.4	 1.12	 1.71	 1
YuShan_GL_YS	 35.86	 17.4	 9.54	 7.13	 6.44	 4.94	 4.17	 3.46	 2.99	 3.4	 2.5	 2.18	 1.71	 2
YuShan_GL_YS	 31.57	 16.74	 9.12	 7.34	 6.54	 5.64	 5.19	 4.21	 4.16	 3.25	 3.26	 2.96	 1.71	 3
YuShan_GL_YS	 38.23	 13.97	 7.98	 6.84	 4.95	 5.37	 5.34	 3.79	 3.65	 3.66	 3.15	 3.04	 1.71	 4
YuShan_GL_YS	 31.83	 15.79	 9.13	 7.51	 6.59	 6.41	 4.24	 4.03	 4.67	 2.83	 3.8	 3.16	 1.71	 5
YuShan_GL_YS	 25.11	 14.53	 9.56	 11.04	 7.47	 5.28	 9.49	 3.02	 4.71	 4.32	 2.29	 3.17	 1.71	 6
YuShan_GL_YS	 42.88	 8.89	 4.34	 6.93	 4.18	 7.82	 2.59	 2.0	 5.38	 4.06	 4.4	 6.53	 1.71	 7
YuShan_N1209	 40.86	 18.91	 13.89	 6.07	 4.58	 2.76	 2.97	 2.55	 2.09	 1.76	 2.06	 1.49	 1.05	 0
YuShan_N1209	 19.06	 16.62	 14.58	 8.55	 5.32	 6.87	 4.74	 5.6	 4.53	 7.88	 2.88	 3.36	 1.05	 1
YuShan_N1209	 41.37	 17.69	 10.16	 5.99	 4.64	 3.4	 3.06	 2.83	 2.61	 2.78	 2.68	 2.8	 1.05	 2
YuShan_N1209	 27.71	 16.86	 11.05	 8.42	 7.35	 5.1	 4.79	 4.13	 3.62	 3.29	 3.72	 3.98	 1.05	 3
YuShan_N1209	 36.52	 17.67	 10.06	 6.97	 4.89	 3.83	 3.58	 3.23	 2.86	 3.61	 3.11	 3.67	 1.05	 4
YuShan_N1209	 28.43	 16.63	 11.1	 9.11	 5.73	 4.6	 4.46	 4.14	 4.01	 2.82	 3.78	 5.19	 1.05	 5
YuShan_N1209	 35.17	 15.49	 12.44	 5.74	 6.5	 5.94	 2.24	 3.54	 3.18	 2.08	 3.7	 3.96	 1.05	 6
YuShan_N1209	 49.67	 7.72	 9.07	 4.3	 5.09	 6.08	 2.51	 2.13	 3.37	 3.41	 3.39	 3.27	 1.05	 7
YuShan_NB	 38.03	 23.76	 10.42	 7.53	 3.74	 3.19	 3.03	 2.01	 2.56	 2.31	 1.75	 1.67	 1.51	 0
YuShan_NB	 24.82	 23.35	 10.63	 8.06	 5.58	 5.68	 3.02	 5.06	 3.33	 3.45	 4.47	 2.56	 1.51	 1
YuShan_NB	 40.83	 17.23	 7.02	 6.89	 3.43	 2.81	 5.76	 2.52	 4.69	 3.93	 2.42	 2.48	 1.51	 2
YuShan_NB	 32.94	 16.33	 11.26	 5.83	 5.41	 5.04	 4.66	 3.75	 4.14	 2.96	 4.38	 3.31	 1.51	 3
YuShan_NB	 31.06	 14.92	 10.87	 8.65	 6.28	 5.26	 3.51	 4.62	 3.19	 4.36	 3.45	 3.83	 1.51	 4
YuShan_NB	 25.27	 14.9	 9.93	 8.79	 6.44	 6.41	 5.07	 4.8	 4.21	 5.29	 4.5	 4.39	 1.51	 5
YuShan_NB	 25.63	 16.95	 10.4	 11.3	 5.55	 5.81	 4.71	 3.93	 3.82	 2.69	 4.07	 5.13	 1.51	 6
YuShan_NB	 45.65	 8.16	 6.19	 5.62	 4.4	 5.84	 4.74	 4.16	 4.34	 3.73	 3.48	 3.69	 1.51	 7
YuShan_NBV	 39.94	 18.79	 10.87	 7.15	 4.43	 3.13	 2.74	 2.55	 2.91	 2.73	 2.59	 2.19	 2.16	 0
YuShan_NBV	 27.3	 17.18	 13.59	 10.35	 8.02	 6.21	 4.8	 3.54	 3.38	 2.31	 1.66	 1.66	 2.16	 1
YuShan_NBV	 44.81	 16.56	 8.44	 5.85	 4.55	 3.44	 3.08	 2.78	 2.78	 2.9	 2.32	 2.5	 2.16	 2
YuShan_NBV	 36.89	 17.3	 9.92	 7.0	 5.78	 4.84	 3.87	 3.24	 3.18	 2.52	 2.87	 2.59	 2.16	 3
YuShan_NBV	 36.32	 17.6	 10.08	 6.32	 4.36	 3.88	 3.43	 3.53	 3.52	 4.11	 3.54	 3.31	 2.16	 4
YuShan_NBV	 28.48	 16.2	 10.17	 7.39	 6.14	 5.23	 4.42	 4.43	 4.4	 4.11	 4.28	 4.75	 2.16	 5
YuShan_NBV	 21.75	 12.11	 8.33	 9.01	 6.68	 12.43	 6.47	 4.58	 3.46	 5.68	 3.66	 5.84	 2.16	 6
YuShan_NBV	 41.6	 9.18	 8.07	 5.81	 5.75	 4.79	 4.51	 4.34	 3.97	 4.59	 3.43	 3.97	 2.16	 7
YuShan_gld	 50.32	 19.75	 11.26	 6.19	 3.21	 1.57	 1.43	 1.94	 1.07	 1.0	 1.05	 1.2	 1.15	 0
YuShan_gld	 40.54	 21.08	 10.86	 6.47	 5.7	 2.82	 2.22	 1.79	 2.03	 3.1	 1.0	 2.39	 1.15	 1
YuShan_gld	 46.44	 17.61	 10.46	 6.27	 3.53	 2.55	 2.37	 2.02	 2.2	 2.13	 2.13	 2.27	 1.15	 2
YuShan_gld	 43.55	 19.69	 9.66	 5.58	 3.79	 3.58	 2.75	 1.87	 2.08	 2.07	 2.82	 2.58	 1.15	 3
YuShan_gld	 41.75	 17.84	 10.31	 5.32	 4.01	 3.36	 3.01	 2.98	 3.3	 2.72	 2.49	 2.91	 1.15	 4
YuShan_gld	 32.66	 17.81	 9.38	 6.52	 4.89	 4.79	 4.01	 3.9	 3.42	 4.05	 3.64	 4.93	 1.15	 5
YuShan_gld	 28.5	 19.82	 11.24	 8.71	 5.91	 7.46	 4.24	 2.66	 2.74	 2.59	 3.44	 2.68	 1.15	 6
YuShan_gld	 46.89	 9.83	 6.9	 5.81	 4.56	 5.06	 4.05	 3.59	 2.85	 4.46	 3.08	 2.93	 1.15	 7
YuShan_gld_it	 50.12	 20.49	 11.02	 5.84	 3.23	 2.32	 2.12	 1.78	 1.01	 0.86	 0.51	 0.72	 1.44	 0
YuShan_gld_it	 42.63	 20.61	 10.92	 6.38	 4.19	 3.75	 2.23	 1.71	 1.32	 2.56	 2.32	 1.38	 1.44	 1
YuShan_gld_it	 46.4	 18.69	 10.21	 5.99	 3.29	 2.41	 2.47	 2.14	 2.11	 2.13	 2.16	 2.01	 1.44	 2
YuShan_gld_it	 42.74	 19.65	 10.69	 7.47	 4.16	 3.13	 2.4	 2.14	 1.57	 1.9	 2.16	 1.98	 1.44	 3
YuShan_gld_it	 42.04	 18.0	 10.08	 5.93	 4.3	 3.28	 3.11	 2.65	 2.65	 2.85	 2.64	 2.48	 1.44	 4
YuShan_gld_it	 36.17	 16.63	 10.16	 6.69	 5.49	 4.2	 3.31	 3.89	 3.65	 3.03	 3.09	 3.7	 1.44	 5
YuShan_gld_it	 31.19	 17.65	 10.53	 8.79	 7.69	 6.05	 4.46	 2.39	 2.54	 2.41	 2.82	 3.48	 1.44	 6
YuShan_gld_it	 41.77	 11.37	 9.25	 6.99	 4.41	 5.23	 4.15	 3.29	 3.18	 4.13	 3.32	 2.91	 1.44	 7
hfut-Phienox	 52.02	 17.55	 13.29	 4.91	 3.84	 0.81	 1.83	 0.91	 1.51	 1.13	 0.24	 1.94	 1.27	 0
hfut-Phienox	 25.04	 15.7	 8.78	 7.11	 3.42	 1.64	 2.66	 10.53	 11.16	 5.09	 1.11	 7.78	 1.27	 1
hfut-Phienox	 44.17	 19.73	 10.46	 4.96	 3.91	 3.5	 2.95	 2.99	 1.73	 1.78	 2.13	 1.67	 1.27	 2
hfut-Phienox	 36.3	 18.11	 12.02	 6.85	 4.97	 3.67	 3.58	 3.85	 2.62	 2.36	 2.63	 3.04	 1.27	 3
hfut-Phienox	 38.15	 16.91	 11.93	 4.92	 5.58	 2.27	 4.8	 3.17	 2.68	 3.37	 2.23	 4.0	 1.27	 4
hfut-Phienox	 26.37	 16.25	 10.2	 7.84	 5.94	 4.96	 4.97	 5.2	 3.89	 4.62	 4.48	 5.25	 1.27	 5
hfut-Phienox	 33.95	 23.92	 9.93	 7.86	 6.64	 1.08	 2.9	 5.35	 2.62	 1.88	 2.77	 1.13	 1.27	 6
hfut-Phienox	 30.61	 12.73	 8.74	 6.88	 4.28	 7.41	 6.33	 4.27	 6.74	 3.25	 7.54	 1.25	 1.27	 7
image_dragon	 48.24	 18.59	 12.18	 6.36	 4.28	 2.76	 2.27	 1.7	 0.94	 1.11	 0.69	 0.87	 0.84	 0
image_dragon	 25.32	 16.53	 13.47	 7.88	 7.34	 7.56	 4.12	 4.31	 4.08	 3.96	 1.83	 3.61	 0.84	 1
image_dragon	 40.24	 17.94	 10.12	 6.93	 4.9	 4.14	 3.83	 3.12	 2.3	 2.32	 2.15	 2.01	 0.84	 2
image_dragon	 30.41	 17.68	 10.96	 8.17	 5.63	 4.79	 4.12	 3.97	 4.06	 3.6	 3.47	 3.15	 0.84	 3
image_dragon	 30.29	 17.68	 11.69	 7.69	 4.33	 5.77	 4.33	 3.21	 4.15	 3.58	 3.61	 3.65	 0.84	 4
image_dragon	 21.88	 14.44	 11.94	 8.09	 6.94	 6.89	 5.59	 5.35	 4.48	 5.32	 4.3	 4.77	 0.84	 5
image_dragon	 32.33	 18.71	 10.7	 9.97	 5.64	 3.01	 2.03	 5.45	 1.91	 4.11	 2.55	 2.55	 0.84	 6
image_dragon	 34.14	 12.38	 10.13	 7.57	 7.88	 4.71	 3.46	 3.17	 4.16	 3.69	 3.41	 5.3	 0.84	 7
mt2019b	 47.89	 16.95	 9.83	 5.25	 3.98	 3.44	 3.25	 2.11	 1.61	 2.25	 1.71	 1.73	 1.01	 0
mt2019b	 30.33	 17.93	 13.67	 7.9	 6.24	 4.78	 4.18	 4.44	 2.82	 1.92	 1.88	 3.89	 1.01	 1
mt2019b	 44.06	 18.6	 9.13	 5.21	 4.38	 3.17	 3.06	 2.58	 2.47	 2.47	 2.56	 2.32	 1.01	 2
mt2019b	 32.48	 16.88	 10.83	 7.25	 6.2	 5.42	 4.84	 3.85	 3.27	 3.26	 2.61	 3.13	 1.01	 3
mt2019b	 37.11	 16.76	 9.6	 6.26	 4.69	 4.38	 4.22	 4.2	 3.92	 3.42	 3.13	 2.31	 1.01	 4
mt2019b	 26.52	 15.78	 10.49	 8.04	 7.53	 5.88	 5.22	 5.05	 4.13	 3.38	 3.95	 4.03	 1.01	 5
mt2019b	 34.97	 16.92	 10.15	 7.44	 4.18	 3.53	 5.07	 2.5	 3.75	 4.11	 3.19	 3.61	 1.01	 6
mt2019b	 36.24	 11.72	 8.39	 7.24	 7.62	 3.45	 5.2	 3.87	 3.86	 4.85	 3.7	 3.85	 1.01	 7
nbut2d	 83.87	 9.16	 0.59	 0.59	 0.95	 0.59	 2.72	 0.95	 0.59	 0.0	 0.0	 0.0	 0.0	 0
nbut2d	 55.56	 3.7	 0.0	 3.7	 3.7	 0.0	 0.0	 0.0	 0.0	 0.0	 0.0	 0.0	 0.0	 1
nbut2d	 59.42	 10.72	 10.58	 3.31	 1.68	 4.82	 0.53	 2.01	 0.65	 1.36	 0.91	 4.03	 0.0	 2
nbut2d	 64.21	 5.88	 7.35	 1.05	 3.64	 6.16	 4.69	 0.85	 1.05	 1.82	 0.43	 2.87	 0.0	 3
nbut2d	 70.82	 12.63	 2.53	 2.04	 1.01	 2.83	 4.86	 0.0	 0.5	 1.78	 0.5	 0.5	 0.0	 4
nbut2d	 53.46	 8.55	 7.07	 6.35	 4.41	 4.31	 1.39	 1.46	 4.22	 2.93	 3.67	 2.2	 0.0	 5
nbut2d	 90.0	 5.0	 0.0	 0.0	 0.0	 0.0	 0.0	 0.0	 5.0	 0.0	 0.0	 0.0	 0.0	 6
nbut2d	 65.7	 0.0	 11.11	 4.04	 2.22	 6.26	 2.22	 4.0	 0.0	 2.22	 2.22	 0.0	 0.0	 7
