AHUT-SC	 0.0	 7.59	 8.29	 15.85	 15.53	 19.39	 18.35	 15.01	 1.42	 0
AHUT-SC	 0.0	 4.55	 9.77	 13.73	 14.34	 22.95	 11.98	 18.5	 1.42	 1
AHUT-SC	 0.0	 10.04	 10.88	 18.47	 17.2	 16.47	 14.68	 12.26	 1.42	 2
AHUT-SC	 0.0	 12.47	 10.86	 15.11	 14.69	 16.1	 15.4	 15.38	 1.42	 3
AHUT-SC	 0.0	 16.08	 11.43	 14.72	 15.78	 14.22	 13.58	 14.18	 1.42	 4
AHUT-SC	 0.0	 15.75	 12.07	 15.0	 16.23	 14.35	 13.24	 13.35	 1.42	 5
AHUT-SC	 0.0	 23.85	 18.51	 12.16	 12.34	 7.5	 17.01	 4.46	 1.42	 6
AHUT-SC	 0.0	 36.09	 13.79	 10.7	 13.59	 10.57	 6.17	 9.1	 1.42	 7
Agent2D	 0.0	 15.26	 9.54	 5.82	 11.97	 11.55	 15.67	 30.2	 0.83	 0
Agent2D	 0.0	 6.58	 7.77	 5.75	 12.46	 16.52	 21.12	 29.79	 0.83	 1
Agent2D	 0.0	 9.33	 5.52	 9.08	 12.29	 17.53	 20.2	 26.05	 0.83	 2
Agent2D	 0.0	 8.54	 8.14	 11.04	 12.96	 18.2	 20.31	 20.81	 0.83	 3
Agent2D	 0.0	 10.94	 9.07	 8.62	 13.47	 17.08	 19.17	 21.65	 0.83	 4
Agent2D	 0.0	 13.01	 8.28	 9.5	 17.12	 18.82	 17.1	 16.16	 0.83	 5
Agent2D	 0.0	 21.43	 14.76	 11.67	 10.0	 12.86	 9.52	 19.76	 0.83	 6
Agent2D	 0.0	 49.35	 9.69	 3.77	 10.96	 10.1	 5.59	 10.54	 0.83	 7
Agent2D_Base	 0.0	 3.35	 3.3	 5.2	 12.49	 19.7	 24.92	 31.05	 1.94	 0
Agent2D_Base	 0.0	 6.03	 6.0	 8.68	 13.96	 16.14	 20.88	 28.31	 1.94	 1
Agent2D_Base	 0.0	 3.27	 3.0	 5.86	 11.88	 18.75	 24.8	 32.45	 1.94	 2
Agent2D_Base	 0.0	 6.54	 6.55	 10.5	 13.68	 15.86	 20.03	 26.84	 1.94	 3
Agent2D_Base	 0.0	 5.88	 4.91	 7.5	 12.78	 19.7	 21.71	 27.11	 1.94	 4
Agent2D_Base	 0.0	 9.59	 7.79	 11.46	 15.58	 18.23	 17.73	 19.63	 1.94	 5
Agent2D_Base	 0.0	 23.07	 13.51	 9.18	 13.59	 15.7	 11.22	 13.74	 1.94	 6
Agent2D_Base	 0.0	 33.26	 11.03	 9.08	 12.0	 12.02	 12.15	 10.04	 1.94	 7
Alice	 0.0	 12.55	 9.61	 7.91	 12.51	 16.66	 17.71	 23.04	 1.45	 0
Alice	 0.0	 12.75	 8.06	 11.48	 16.28	 15.81	 16.67	 18.72	 1.45	 1
Alice	 0.0	 11.96	 8.89	 9.32	 13.88	 17.92	 18.12	 19.92	 1.45	 2
Alice	 0.0	 11.76	 7.8	 11.33	 15.56	 17.94	 17.0	 18.61	 1.45	 3
Alice	 0.0	 15.16	 10.73	 11.2	 14.74	 17.72	 15.33	 15.12	 1.45	 4
Alice	 0.0	 13.62	 9.36	 13.11	 17.37	 18.45	 15.27	 12.82	 1.45	 5
Alice	 0.0	 21.91	 15.85	 8.72	 11.87	 14.85	 11.93	 14.87	 1.45	 6
Alice	 0.0	 24.87	 14.12	 9.81	 14.32	 13.44	 11.55	 11.57	 1.45	 7
Apollo2D	 0.0	 16.32	 12.26	 5.42	 11.03	 13.47	 14.47	 27.02	 0.28	 0
Apollo2D	 0.0	 22.02	 9.72	 5.39	 10.17	 21.49	 9.92	 21.3	 0.28	 1
Apollo2D	 0.0	 10.95	 8.45	 8.12	 13.66	 15.06	 18.14	 25.63	 0.28	 2
Apollo2D	 0.0	 6.66	 5.95	 7.83	 11.31	 15.76	 23.91	 28.59	 0.28	 3
Apollo2D	 0.0	 10.2	 7.61	 8.62	 14.13	 16.74	 20.32	 22.37	 0.28	 4
Apollo2D	 0.0	 9.08	 8.4	 8.12	 15.88	 17.59	 16.04	 24.88	 0.28	 5
Apollo2D	 0.0	 5.31	 13.27	 5.15	 9.7	 25.91	 22.6	 17.15	 0.28	 6
Apollo2D	 0.0	 40.43	 12.46	 4.56	 8.85	 10.89	 11.24	 11.57	 0.28	 7
Apollo2D3	 0.0	 15.64	 10.46	 6.72	 10.63	 13.5	 16.63	 26.42	 0.56	 0
Apollo2D3	 0.0	 11.4	 7.25	 9.85	 15.05	 16.58	 16.31	 22.16	 0.56	 1
Apollo2D3	 0.0	 10.39	 8.38	 8.12	 12.15	 16.22	 18.75	 26.0	 0.56	 2
Apollo2D3	 0.0	 7.28	 6.85	 8.75	 13.44	 18.78	 18.93	 25.98	 0.56	 3
Apollo2D3	 0.0	 13.51	 9.77	 8.48	 12.83	 15.34	 17.48	 22.59	 0.56	 4
Apollo2D3	 0.0	 9.56	 7.69	 11.04	 15.71	 16.71	 17.88	 21.42	 0.56	 5
Apollo2D3	 0.0	 25.46	 12.55	 9.49	 10.96	 12.76	 13.19	 15.59	 0.56	 6
Apollo2D3	 0.0	 37.78	 7.92	 9.92	 7.93	 12.36	 9.73	 13.17	 0.56	 7
CSU_Yunlu	 0.0	 10.2	 9.5	 6.0	 11.69	 17.12	 20.24	 25.26	 1.17	 0
CSU_Yunlu	 0.0	 10.4	 8.26	 14.32	 12.92	 18.2	 15.42	 20.46	 1.17	 1
CSU_Yunlu	 0.0	 10.18	 7.02	 8.73	 12.75	 16.94	 21.18	 23.2	 1.17	 2
CSU_Yunlu	 0.0	 9.12	 6.18	 10.61	 15.27	 17.22	 20.13	 21.49	 1.17	 3
CSU_Yunlu	 0.0	 13.38	 12.15	 9.29	 12.03	 18.43	 16.13	 18.6	 1.17	 4
CSU_Yunlu	 0.0	 14.71	 10.63	 10.66	 16.61	 18.47	 13.96	 14.96	 1.17	 5
CSU_Yunlu	 0.0	 27.15	 17.68	 7.06	 10.38	 13.28	 10.04	 12.13	 1.17	 6
CSU_Yunlu	 0.0	 36.1	 17.5	 8.31	 9.86	 13.16	 8.36	 6.71	 1.17	 7
CSU_Yunlu_2020	 0.0	 0.0	 0.0	 0.0	 0.0	 0.0	 100.0	 0.0	 0.0	 0
CSU_Yunlu_2020	 0.0	 0.0	 0.0	 0.0	 33.33	 66.67	 0.0	 0.0	 0.0	 1
CSU_Yunlu_2020	 0.0	 9.29	 6.43	 10.0	 20.71	 21.43	 20.71	 11.43	 0.0	 2
CSU_Yunlu_2020	 0.0	 13.51	 2.7	 18.92	 21.62	 10.81	 21.62	 10.81	 0.0	 3
CSU_Yunlu_2020	 0.0	 10.34	 13.79	 6.9	 20.69	 20.69	 13.79	 13.79	 0.0	 4
CSU_Yunlu_2020	 0.0	 9.8	 7.84	 17.65	 21.57	 27.45	 9.8	 5.88	 0.0	 5
CSU_Yunlu_2020	 0.0	 9.09	 9.09	 0.0	 27.27	 9.09	 9.09	 36.36	 0.0	 6
CSU_Yunlu_2020	 0.0	 13.33	 20.0	 16.67	 6.67	 23.33	 13.33	 6.67	 0.0	 7
CYRUS2018	 0.0	 16.22	 9.9	 10.03	 12.35	 16.29	 16.17	 18.86	 1.38	 0
CYRUS2018	 0.0	 30.74	 10.04	 10.41	 12.36	 11.98	 12.39	 12.09	 1.38	 1
CYRUS2018	 0.0	 17.28	 9.98	 10.88	 13.71	 15.9	 15.91	 16.34	 1.38	 2
CYRUS2018	 0.0	 19.5	 10.61	 12.24	 13.38	 14.54	 14.1	 15.63	 1.38	 3
CYRUS2018	 0.0	 21.22	 12.69	 11.58	 13.28	 13.31	 13.56	 14.35	 1.38	 4
CYRUS2018	 0.0	 25.36	 12.4	 13.68	 13.07	 12.53	 11.07	 11.89	 1.38	 5
CYRUS2018	 0.0	 21.67	 12.41	 12.4	 12.95	 11.52	 11.85	 13.68	 1.38	 6
CYRUS2018	 0.0	 43.3	 17.0	 7.72	 9.28	 7.43	 6.84	 7.03	 1.38	 7
CYRUS2019	 0.0	 7.11	 2.97	 4.79	 12.65	 20.47	 26.26	 25.75	 0.33	 0
CYRUS2019	 0.0	 14.36	 10.26	 3.33	 11.02	 11.79	 30.51	 18.72	 0.33	 1
CYRUS2019	 0.0	 14.97	 7.59	 7.56	 10.06	 19.24	 22.35	 18.23	 0.33	 2
CYRUS2019	 0.0	 10.49	 5.81	 7.56	 13.04	 17.57	 23.93	 21.59	 0.33	 3
CYRUS2019	 0.0	 19.09	 8.25	 17.5	 13.29	 10.32	 21.03	 10.52	 0.33	 4
CYRUS2019	 0.0	 18.06	 12.81	 14.36	 17.54	 9.62	 9.7	 17.9	 0.33	 5
CYRUS2019	 0.0	 50.0	 0.0	 50.0	 0.0	 0.0	 0.0	 0.0	 0.33	 6
CYRUS2019	 0.0	 43.34	 0.0	 10.0	 10.0	 16.66	 20.0	 0.0	 0.33	 7
FRA-UNIted	 0.0	 10.33	 9.8	 13.99	 12.15	 15.7	 14.27	 23.77	 1.05	 0
FRA-UNIted	 0.0	 16.25	 9.2	 11.22	 12.91	 15.07	 14.18	 20.44	 1.05	 1
FRA-UNIted	 0.0	 9.31	 9.94	 14.98	 13.25	 16.44	 16.2	 19.88	 1.05	 2
FRA-UNIted	 0.0	 9.95	 9.46	 12.47	 15.39	 17.99	 16.62	 18.11	 1.05	 3
FRA-UNIted	 0.0	 8.48	 10.42	 14.95	 14.59	 16.96	 15.16	 19.44	 1.05	 4
FRA-UNIted	 0.0	 9.21	 9.26	 11.65	 15.34	 19.57	 16.52	 18.46	 1.05	 5
FRA-UNIted	 0.0	 16.62	 10.0	 12.72	 8.62	 13.77	 14.84	 22.1	 1.05	 6
FRA-UNIted	 0.0	 14.3	 12.38	 20.48	 11.19	 11.14	 11.84	 16.83	 1.05	 7
Fractals2019	 0.0	 5.56	 9.72	 0.0	 11.11	 30.95	 10.32	 32.34	 0.0	 0
Fractals2019	 0.0	 0.0	 0.0	 6.67	 16.67	 23.33	 46.67	 6.67	 0.0	 1
Fractals2019	 0.0	 13.61	 3.98	 6.94	 21.09	 16.19	 20.17	 18.02	 0.0	 2
Fractals2019	 0.0	 9.32	 10.99	 11.67	 11.46	 20.75	 19.13	 16.68	 0.0	 3
Fractals2019	 0.0	 11.36	 8.8	 6.96	 17.71	 16.87	 15.08	 23.22	 0.0	 4
Fractals2019	 0.0	 6.06	 9.57	 13.89	 14.7	 14.71	 16.47	 24.61	 0.0	 5
Fractals2019	 0.0	 23.33	 6.67	 0.0	 0.0	 8.33	 15.0	 46.67	 0.0	 6
Fractals2019	 0.0	 8.33	 33.33	 0.0	 16.67	 33.33	 0.0	 8.33	 0.0	 7
GLD	 0.0	 9.73	 8.78	 6.08	 12.34	 20.85	 18.98	 23.25	 0.92	 0
GLD	 0.0	 3.75	 6.38	 4.79	 10.6	 18.47	 26.23	 29.78	 0.92	 1
GLD	 0.0	 7.39	 9.0	 8.82	 13.74	 16.79	 22.0	 22.26	 0.92	 2
GLD	 0.0	 10.62	 8.35	 13.27	 14.18	 18.23	 17.37	 17.97	 0.92	 3
GLD	 0.0	 11.17	 9.65	 9.99	 15.87	 16.22	 17.78	 19.32	 0.92	 4
GLD	 0.0	 12.02	 10.85	 14.27	 15.03	 17.16	 16.48	 14.19	 0.92	 5
GLD	 0.0	 3.43	 7.72	 11.43	 14.29	 16.0	 11.43	 25.71	 0.92	 6
GLD	 0.0	 43.96	 13.11	 6.61	 12.99	 7.12	 10.51	 5.71	 0.92	 7
HELIOS2018	 0.0	 13.57	 8.61	 9.78	 12.81	 16.51	 18.44	 20.28	 2.43	 0
HELIOS2018	 0.0	 12.84	 9.15	 12.58	 15.76	 17.59	 15.07	 17.0	 2.43	 1
HELIOS2018	 0.0	 13.47	 9.95	 13.75	 15.56	 15.98	 15.6	 15.71	 2.43	 2
HELIOS2018	 0.0	 16.56	 12.82	 14.65	 15.9	 14.63	 12.99	 12.45	 2.43	 3
HELIOS2018	 0.0	 16.05	 11.55	 14.58	 15.74	 15.12	 14.03	 12.93	 2.43	 4
HELIOS2018	 0.0	 19.95	 15.33	 16.09	 15.88	 13.18	 10.22	 9.34	 2.43	 5
HELIOS2018	 0.0	 20.51	 12.3	 9.18	 14.15	 14.03	 11.55	 17.02	 2.43	 6
HELIOS2018	 0.0	 28.74	 12.43	 12.68	 11.93	 12.3	 10.68	 10.98	 2.43	 7
HELIOS2019	 0.0	 19.0	 11.26	 9.23	 11.56	 7.89	 16.32	 24.75	 0.33	 0
HELIOS2019	 0.0	 4.17	 23.4	 5.13	 16.03	 22.76	 6.73	 21.79	 0.33	 1
HELIOS2019	 0.0	 11.19	 10.65	 11.67	 16.31	 15.31	 19.35	 15.52	 0.33	 2
HELIOS2019	 0.0	 14.11	 15.68	 17.09	 12.38	 17.23	 10.39	 13.13	 0.33	 3
HELIOS2019	 0.0	 21.04	 10.9	 16.61	 11.62	 17.55	 13.33	 8.96	 0.33	 4
HELIOS2019	 0.0	 18.09	 14.16	 16.9	 15.06	 13.31	 11.1	 11.39	 0.33	 5
HELIOS2019	 0.0	 29.63	 0.0	 3.7	 14.81	 40.74	 0.0	 11.11	 0.33	 6
HELIOS2019	 0.0	 6.67	 3.33	 28.89	 14.44	 0.0	 40.0	 6.67	 0.33	 7
Hfut2018GS	 0.0	 11.87	 9.48	 6.31	 11.07	 15.33	 18.85	 26.83	 1.35	 0
Hfut2018GS	 0.0	 8.96	 6.91	 10.05	 12.78	 16.88	 19.91	 24.44	 1.35	 1
Hfut2018GS	 0.0	 10.89	 8.41	 7.81	 12.36	 17.1	 19.37	 24.01	 1.35	 2
Hfut2018GS	 0.0	 9.44	 6.69	 9.18	 13.15	 18.07	 19.27	 24.2	 1.35	 3
Hfut2018GS	 0.0	 13.77	 9.86	 9.96	 13.93	 16.81	 17.24	 18.37	 1.35	 4
Hfut2018GS	 0.0	 13.26	 8.55	 11.87	 15.27	 17.78	 16.03	 17.18	 1.35	 5
Hfut2018GS	 0.0	 14.49	 10.52	 9.19	 13.84	 16.27	 16.32	 18.91	 1.35	 6
Hfut2018GS	 0.0	 24.58	 12.85	 10.18	 14.01	 13.52	 12.19	 12.61	 1.35	 7
HfutEngine2017	 0.0	 11.89	 9.35	 6.72	 10.58	 16.32	 20.33	 24.82	 1.12	 0
HfutEngine2017	 0.0	 8.53	 7.77	 10.7	 13.97	 17.72	 19.51	 21.81	 1.12	 1
HfutEngine2017	 0.0	 11.11	 8.2	 8.22	 13.27	 17.06	 18.98	 23.17	 1.12	 2
HfutEngine2017	 0.0	 9.01	 6.76	 9.26	 14.05	 18.3	 19.73	 22.9	 1.12	 3
HfutEngine2017	 0.0	 14.09	 9.57	 10.94	 14.29	 16.94	 16.56	 17.61	 1.12	 4
HfutEngine2017	 0.0	 12.6	 8.49	 12.22	 15.91	 17.84	 16.46	 16.47	 1.12	 5
HfutEngine2017	 0.0	 12.52	 10.04	 10.3	 15.59	 14.19	 17.36	 19.99	 1.12	 6
HfutEngine2017	 0.0	 22.78	 10.72	 10.63	 13.07	 15.84	 12.37	 14.59	 1.12	 7
HfutEngine2019	 0.0	 10.64	 9.49	 7.22	 11.17	 16.23	 19.06	 26.18	 1.03	 0
HfutEngine2019	 0.0	 13.25	 9.54	 13.73	 15.81	 16.56	 13.47	 17.64	 1.03	 1
HfutEngine2019	 0.0	 10.31	 7.0	 8.88	 12.88	 17.41	 19.21	 24.32	 1.03	 2
HfutEngine2019	 0.0	 12.02	 7.72	 11.16	 15.73	 18.08	 16.63	 18.65	 1.03	 3
HfutEngine2019	 0.0	 11.65	 8.88	 10.21	 14.48	 18.19	 17.14	 19.44	 1.03	 4
HfutEngine2019	 0.0	 14.2	 9.39	 13.06	 16.24	 18.07	 14.85	 14.19	 1.03	 5
HfutEngine2019	 0.0	 14.08	 11.78	 8.37	 12.12	 18.12	 16.26	 19.27	 1.03	 6
HfutEngine2019	 0.0	 22.21	 13.45	 10.3	 14.07	 14.29	 13.11	 12.57	 1.03	 7
HfutEngine2020	 0.0	 18.18	 9.09	 0.0	 27.27	 0.0	 18.18	 27.27	 2.0	 0
HfutEngine2020	 0.0	 0.0	 16.67	 16.67	 0.0	 33.33	 16.67	 16.67	 2.0	 1
HfutEngine2020	 0.0	 14.58	 12.5	 7.29	 11.46	 16.67	 16.67	 20.83	 2.0	 2
HfutEngine2020	 0.0	 10.56	 7.75	 7.75	 16.2	 19.72	 18.31	 19.72	 2.0	 3
HfutEngine2020	 0.0	 15.91	 4.55	 6.82	 18.18	 13.64	 20.45	 20.45	 2.0	 4
HfutEngine2020	 0.0	 7.27	 5.45	 8.18	 17.27	 20.91	 23.64	 17.27	 2.0	 5
HfutEngine2020	 0.0	 12.5	 0.0	 0.0	 25.0	 0.0	 25.0	 37.5	 2.0	 6
HfutEngine2020	 0.0	 21.43	 21.43	 7.14	 14.29	 7.14	 7.14	 21.43	 2.0	 7
Luna2D_19	 0.0	 8.82	 10.77	 4.79	 6.44	 20.88	 18.88	 29.43	 0.32	 0
Luna2D_19	 0.0	 0.0	 0.26	 11.46	 6.25	 28.64	 28.72	 18.41	 0.32	 1
Luna2D_19	 0.0	 10.66	 7.22	 7.92	 11.39	 15.91	 18.94	 27.95	 0.32	 2
Luna2D_19	 0.0	 11.31	 7.76	 9.38	 12.14	 16.57	 19.1	 23.73	 0.32	 3
Luna2D_19	 0.0	 12.71	 8.76	 7.13	 12.65	 16.99	 20.59	 21.15	 0.32	 4
Luna2D_19	 0.0	 15.26	 8.3	 12.76	 12.34	 17.73	 16.16	 17.46	 0.32	 5
Luna2D_19	 0.0	 11.84	 16.9	 5.29	 19.61	 8.56	 18.81	 13.98	 0.32	 6
Luna2D_19	 0.0	 35.6	 10.84	 8.37	 10.17	 11.52	 9.34	 14.17	 0.32	 7
MT	 0.0	 17.47	 3.93	 11.97	 7.97	 15.07	 24.42	 17.05	 0.53	 0
MT	 0.0	 4.08	 19.2	 0.0	 41.29	 16.58	 16.72	 0.0	 0.53	 1
MT	 0.0	 8.43	 4.85	 9.82	 15.91	 10.86	 16.12	 31.88	 0.53	 2
MT	 0.0	 8.97	 4.23	 13.94	 10.07	 25.45	 13.19	 22.02	 0.53	 3
MT	 0.0	 6.3	 8.09	 6.12	 8.45	 13.54	 18.47	 36.9	 0.53	 4
MT	 0.0	 19.35	 4.8	 8.01	 22.21	 16.89	 14.3	 12.31	 0.53	 5
MT	 0.0	 0.0	 0.0	 50.43	 10.68	 10.68	 25.64	 0.0	 0.53	 6
MT	 0.0	 24.38	 0.0	 6.03	 16.58	 19.5	 19.77	 11.61	 0.53	 7
MT2018	 0.0	 10.34	 9.25	 7.58	 12.5	 16.8	 19.09	 24.45	 1.01	 0
MT2018	 0.0	 11.17	 7.99	 9.61	 16.33	 17.15	 15.85	 20.43	 1.01	 1
MT2018	 0.0	 10.97	 8.41	 8.55	 13.06	 17.75	 18.6	 22.66	 1.01	 2
MT2018	 0.0	 10.04	 8.19	 10.21	 14.41	 17.71	 18.33	 21.11	 1.01	 3
MT2018	 0.0	 13.43	 8.87	 9.16	 13.75	 17.67	 17.32	 19.78	 1.01	 4
MT2018	 0.0	 12.5	 8.69	 11.88	 16.2	 18.55	 15.78	 16.4	 1.01	 5
MT2018	 0.0	 20.36	 12.97	 11.47	 10.04	 16.56	 13.15	 14.22	 1.01	 6
MT2018	 0.0	 31.73	 13.88	 9.51	 11.02	 9.45	 14.33	 9.81	 1.01	 7
MT2018SJB	 0.0	 9.42	 9.68	 11.35	 14.25	 15.78	 17.52	 22.01	 1.14	 0
MT2018SJB	 0.0	 8.03	 8.49	 12.07	 15.77	 16.57	 17.92	 20.84	 1.14	 1
MT2018SJB	 0.0	 11.03	 8.55	 12.07	 14.87	 15.59	 17.11	 20.79	 1.14	 2
MT2018SJB	 0.0	 12.75	 9.66	 12.24	 15.11	 15.64	 15.83	 18.78	 1.14	 3
MT2018SJB	 0.0	 15.4	 10.44	 11.86	 13.78	 14.21	 15.64	 18.68	 1.14	 4
MT2018SJB	 0.0	 16.82	 11.74	 13.63	 14.86	 14.73	 13.48	 14.74	 1.14	 5
MT2018SJB	 0.0	 20.59	 15.14	 11.83	 12.41	 12.52	 12.98	 13.38	 1.14	 6
MT2018SJB	 0.0	 30.22	 14.36	 9.71	 12.43	 11.21	 9.64	 11.86	 1.14	 7
MT2018SS	 0.0	 9.8	 9.08	 11.34	 14.45	 16.44	 17.2	 21.68	 1.06	 0
MT2018SS	 0.0	 8.13	 7.6	 11.49	 14.86	 17.49	 19.27	 20.53	 1.06	 1
MT2018SS	 0.0	 10.81	 8.89	 11.99	 14.25	 15.67	 17.12	 21.27	 1.06	 2
MT2018SS	 0.0	 12.39	 9.34	 11.83	 14.4	 15.84	 16.42	 19.78	 1.06	 3
MT2018SS	 0.0	 16.39	 10.65	 11.56	 13.77	 14.54	 15.14	 17.96	 1.06	 4
MT2018SS	 0.0	 16.99	 11.37	 13.31	 15.13	 14.56	 13.83	 14.81	 1.06	 5
MT2018SS	 0.0	 20.72	 17.22	 10.11	 11.45	 11.66	 12.8	 13.97	 1.06	 6
MT2018SS	 0.0	 28.9	 14.22	 9.62	 12.26	 12.34	 11.28	 11.19	 1.06	 7
MT2019	 0.0	 9.0	 9.84	 9.39	 15.14	 18.02	 18.87	 19.74	 1.04	 0
MT2019	 0.0	 7.26	 8.06	 13.32	 15.5	 16.91	 18.18	 20.77	 1.04	 1
MT2019	 0.0	 10.54	 8.47	 12.17	 14.81	 15.78	 17.44	 20.79	 1.04	 2
MT2019	 0.0	 12.63	 9.44	 12.0	 15.07	 15.11	 16.48	 19.27	 1.04	 3
MT2019	 0.0	 15.27	 10.92	 11.31	 14.46	 14.54	 15.7	 17.79	 1.04	 4
MT2019	 0.0	 16.83	 12.62	 12.63	 14.67	 14.78	 13.19	 15.29	 1.04	 5
MT2019	 0.0	 18.08	 13.5	 11.8	 14.52	 12.38	 16.67	 13.07	 1.04	 6
MT2019	 0.0	 31.34	 10.6	 9.57	 13.27	 14.16	 10.43	 10.63	 1.04	 7
Miracle2018GS	 0.0	 12.64	 14.04	 14.04	 15.74	 16.84	 13.25	 13.44	 1.0	 0
Miracle2018GS	 0.0	 13.23	 14.74	 10.74	 14.49	 17.18	 12.71	 16.92	 1.0	 1
Miracle2018GS	 0.0	 13.05	 9.38	 12.02	 14.15	 16.76	 16.42	 18.22	 1.0	 2
Miracle2018GS	 0.0	 13.52	 9.43	 13.61	 15.4	 15.01	 15.8	 17.22	 1.0	 3
Miracle2018GS	 0.0	 16.27	 11.38	 10.9	 14.78	 15.83	 15.29	 15.55	 1.0	 4
Miracle2018GS	 0.0	 14.21	 9.15	 13.44	 14.73	 17.15	 15.91	 15.42	 1.0	 5
Miracle2018GS	 0.0	 19.14	 14.36	 8.37	 13.06	 11.31	 13.57	 19.45	 1.0	 6
Miracle2018GS	 0.0	 39.66	 15.49	 8.62	 9.17	 12.16	 6.78	 8.11	 1.0	 7
Miracle2d_1	 0.0	 11.39	 14.52	 6.75	 11.83	 16.02	 14.52	 24.96	 0.45	 0
Miracle2d_1	 0.0	 6.07	 2.88	 4.61	 12.57	 24.41	 20.65	 22.56	 0.45	 1
Miracle2d_1	 0.0	 14.14	 8.93	 10.29	 15.19	 17.32	 15.91	 18.22	 0.45	 2
Miracle2d_1	 0.0	 16.23	 10.16	 12.73	 15.95	 17.63	 13.37	 13.91	 0.45	 3
Miracle2d_1	 0.0	 15.7	 12.16	 9.73	 13.61	 19.2	 15.36	 14.24	 0.45	 4
Miracle2d_1	 0.0	 16.98	 10.07	 15.23	 13.88	 15.09	 15.85	 12.89	 0.45	 5
Miracle2d_1	 0.0	 24.87	 11.13	 13.87	 10.48	 12.07	 11.07	 16.51	 0.45	 6
Miracle2d_1	 0.0	 29.55	 23.54	 4.35	 12.46	 6.85	 14.36	 3.33	 0.45	 7
Miracle_2D	 0.0	 12.12	 9.36	 8.58	 13.06	 16.77	 16.55	 23.55	 0.39	 0
Miracle_2D	 0.0	 14.81	 9.51	 10.65	 14.73	 15.75	 18.76	 15.79	 0.39	 1
Miracle_2D	 0.0	 13.44	 9.33	 9.77	 13.03	 16.13	 17.11	 21.17	 0.39	 2
Miracle_2D	 0.0	 11.95	 8.66	 11.53	 13.68	 17.02	 18.08	 19.09	 0.39	 3
Miracle_2D	 0.0	 15.46	 9.91	 11.4	 14.01	 16.83	 16.01	 16.38	 0.39	 4
Miracle_2D	 0.0	 13.53	 8.96	 12.81	 15.87	 18.83	 15.39	 14.6	 0.39	 5
Miracle_2D	 0.0	 20.59	 13.5	 12.24	 10.04	 14.38	 12.89	 16.37	 0.39	 6
Miracle_2D	 0.0	 41.99	 15.94	 6.72	 8.21	 9.68	 7.36	 10.12	 0.39	 7
Namira	 0.0	 9.94	 6.24	 6.0	 10.46	 16.05	 21.59	 29.71	 1.02	 0
Namira	 0.0	 10.68	 8.47	 8.09	 12.2	 17.2	 21.66	 20.66	 1.02	 1
Namira	 0.0	 8.85	 6.62	 8.08	 12.28	 17.96	 20.72	 25.5	 1.02	 2
Namira	 0.0	 11.48	 8.58	 12.24	 15.77	 19.57	 16.07	 16.3	 1.02	 3
Namira	 0.0	 13.64	 11.16	 10.62	 13.9	 18.32	 15.98	 16.36	 1.02	 4
Namira	 0.0	 11.43	 8.18	 12.64	 15.81	 17.86	 17.61	 16.48	 1.02	 5
Namira	 0.0	 28.56	 18.89	 7.64	 10.95	 12.17	 12.64	 9.14	 1.02	 6
Namira	 0.0	 38.69	 12.53	 9.54	 9.51	 11.56	 8.5	 9.69	 1.02	 7
Newforces2d	 0.0	 13.47	 7.36	 7.45	 14.24	 17.07	 18.07	 22.34	 0.27	 0
Newforces2d	 0.0	 15.82	 3.58	 15.89	 16.62	 14.44	 12.94	 15.68	 0.27	 1
Newforces2d	 0.0	 11.79	 9.21	 11.41	 16.4	 18.04	 16.74	 16.42	 0.27	 2
Newforces2d	 0.0	 14.0	 9.28	 14.28	 16.3	 17.5	 15.0	 13.64	 0.27	 3
Newforces2d	 0.0	 13.85	 10.31	 13.92	 16.54	 18.08	 14.49	 12.81	 0.27	 4
Newforces2d	 0.0	 14.24	 10.21	 13.21	 17.73	 19.43	 14.75	 10.43	 0.27	 5
Newforces2d	 0.0	 20.38	 14.85	 9.37	 12.32	 15.49	 11.52	 16.07	 0.27	 6
Newforces2d	 0.0	 20.82	 10.93	 11.92	 13.25	 13.52	 14.31	 15.26	 0.27	 7
Oxsy	 0.0	 5.57	 6.15	 14.46	 17.83	 18.44	 17.97	 19.35	 1.83	 0
Oxsy	 0.0	 2.17	 3.41	 14.98	 20.44	 19.39	 19.05	 20.27	 1.83	 1
Oxsy	 0.0	 2.48	 4.42	 16.47	 21.57	 19.15	 18.19	 17.71	 1.83	 2
Oxsy	 0.0	 1.52	 3.49	 16.96	 21.82	 20.49	 18.46	 17.26	 1.83	 3
Oxsy	 0.0	 5.17	 5.3	 18.12	 21.91	 18.4	 15.83	 15.27	 1.83	 4
Oxsy	 0.0	 2.05	 3.38	 19.91	 24.86	 18.7	 16.33	 14.77	 1.83	 5
Oxsy	 0.0	 16.86	 7.79	 14.68	 18.32	 15.33	 12.22	 13.58	 1.83	 6
Oxsy	 0.0	 24.55	 6.35	 14.53	 18.12	 12.37	 11.57	 11.65	 1.83	 7
Ri-one	 0.0	 14.21	 10.14	 5.63	 11.44	 17.23	 19.21	 22.14	 0.35	 0
Ri-one	 0.0	 12.44	 6.93	 9.27	 14.52	 14.47	 21.19	 20.13	 0.35	 1
Ri-one	 0.0	 11.69	 8.86	 10.32	 14.04	 18.36	 18.02	 18.71	 0.35	 2
Ri-one	 0.0	 11.21	 8.63	 12.14	 15.63	 18.2	 17.09	 17.11	 0.35	 3
Ri-one	 0.0	 14.29	 10.35	 11.03	 15.38	 18.37	 15.21	 15.37	 0.35	 4
Ri-one	 0.0	 15.95	 10.73	 13.33	 17.2	 18.14	 13.98	 10.69	 0.35	 5
Ri-one	 0.0	 18.94	 15.44	 8.71	 17.25	 16.17	 10.41	 11.89	 0.35	 6
Ri-one	 0.0	 27.06	 14.59	 8.78	 12.24	 12.39	 12.64	 12.3	 0.35	 7
YS-NB190321nv	 0.0	 10.26	 9.35	 15.21	 18.37	 16.46	 15.88	 14.46	 0.75	 0
YS-NB190321nv	 0.0	 8.08	 7.19	 16.77	 15.25	 17.55	 18.95	 16.19	 0.75	 1
YS-NB190321nv	 0.0	 8.18	 8.7	 16.74	 18.06	 17.34	 15.96	 15.03	 0.75	 2
YS-NB190321nv	 0.0	 10.82	 9.14	 14.7	 16.79	 17.96	 16.46	 14.13	 0.75	 3
YS-NB190321nv	 0.0	 12.0	 9.08	 14.34	 16.62	 17.01	 16.41	 14.53	 0.75	 4
YS-NB190321nv	 0.0	 11.6	 10.15	 15.63	 17.25	 16.37	 15.41	 13.59	 0.75	 5
YS-NB190321nv	 0.0	 14.28	 16.8	 8.5	 13.36	 19.86	 15.59	 10.71	 0.75	 6
YS-NB190321nv	 0.0	 47.53	 10.82	 7.71	 10.45	 8.0	 6.42	 9.07	 0.75	 7
YS-NB190321v	 0.0	 10.02	 9.26	 15.82	 17.96	 16.6	 15.58	 14.77	 0.83	 0
YS-NB190321v	 0.0	 8.46	 7.8	 13.7	 17.18	 19.51	 16.69	 16.65	 0.83	 1
YS-NB190321v	 0.0	 8.55	 8.89	 16.39	 18.29	 17.25	 16.29	 14.34	 0.83	 2
YS-NB190321v	 0.0	 10.73	 9.14	 14.96	 17.11	 17.6	 15.75	 14.7	 0.83	 3
YS-NB190321v	 0.0	 11.73	 9.81	 15.3	 17.05	 17.15	 14.99	 13.97	 0.83	 4
YS-NB190321v	 0.0	 12.31	 10.26	 15.0	 17.25	 17.84	 13.91	 13.42	 0.83	 5
YS-NB190321v	 0.0	 16.1	 17.05	 9.24	 12.58	 16.98	 11.6	 16.43	 0.83	 6
YS-NB190321v	 0.0	 48.02	 8.67	 6.94	 12.96	 10.69	 6.25	 6.47	 0.83	 7
YS-SC4231-0409	 0.0	 10.26	 9.92	 10.89	 14.64	 17.2	 18.55	 18.54	 1.47	 0
YS-SC4231-0409	 0.0	 8.94	 9.07	 13.51	 17.39	 18.96	 17.66	 13.53	 1.47	 1
YS-SC4231-0409	 0.0	 8.02	 8.04	 14.55	 16.85	 17.79	 17.5	 17.26	 1.47	 2
YS-SC4231-0409	 0.0	 11.67	 8.3	 13.37	 16.39	 17.18	 16.95	 16.13	 1.47	 3
YS-SC4231-0409	 0.0	 9.59	 8.43	 12.71	 15.27	 18.37	 18.01	 17.62	 1.47	 4
YS-SC4231-0409	 0.0	 13.56	 9.95	 13.33	 16.18	 15.87	 15.5	 15.61	 1.47	 5
YS-SC4231-0409	 0.0	 10.91	 12.28	 11.08	 21.05	 13.05	 15.36	 14.04	 1.47	 6
YS-SC4231-0409	 0.0	 33.89	 12.3	 10.99	 11.11	 12.95	 10.06	 8.69	 1.47	 7
YS-SC433	 0.0	 7.38	 9.21	 15.17	 17.6	 17.58	 15.86	 17.05	 1.39	 0
YS-SC433	 0.0	 10.37	 7.12	 12.59	 17.1	 18.67	 17.16	 16.85	 1.39	 1
YS-SC433	 0.0	 8.39	 8.53	 16.41	 18.21	 17.11	 15.76	 15.45	 1.39	 2
YS-SC433	 0.0	 9.62	 8.16	 14.95	 17.61	 18.39	 15.52	 15.61	 1.39	 3
YS-SC433	 0.0	 10.58	 7.86	 14.54	 17.43	 17.1	 16.48	 15.87	 1.39	 4
YS-SC433	 0.0	 10.11	 8.63	 14.26	 17.58	 18.13	 16.27	 14.88	 1.39	 5
YS-SC433	 0.0	 18.14	 11.13	 8.69	 13.23	 18.97	 12.15	 13.84	 1.39	 6
YS-SC433	 0.0	 34.55	 9.0	 10.51	 10.75	 11.69	 16.04	 7.33	 1.39	 7
YS-SC433-0323NV	 0.0	 10.4	 10.16	 15.24	 18.08	 16.49	 15.62	 14.0	 1.55	 0
YS-SC433-0323NV	 0.0	 10.53	 12.17	 13.9	 18.31	 19.43	 12.94	 12.71	 1.55	 1
YS-SC433-0323NV	 0.0	 8.68	 9.17	 17.81	 19.13	 16.58	 15.16	 13.46	 1.55	 2
YS-SC433-0323NV	 0.0	 12.44	 11.2	 16.2	 17.73	 16.59	 14.27	 11.56	 1.55	 3
YS-SC433-0323NV	 0.0	 11.17	 8.75	 14.97	 16.7	 17.81	 15.25	 15.36	 1.55	 4
YS-SC433-0323NV	 0.0	 13.02	 10.42	 14.84	 17.23	 17.23	 13.48	 13.79	 1.55	 5
YS-SC433-0323NV	 0.0	 9.42	 11.28	 12.89	 18.68	 12.45	 19.19	 14.14	 1.55	 6
YS-SC433-0323NV	 0.0	 48.08	 12.09	 9.67	 8.92	 8.55	 6.75	 5.95	 1.55	 7
YS-SC433-0323V	 0.0	 9.96	 9.57	 17.49	 18.36	 15.67	 15.14	 13.82	 1.14	 0
YS-SC433-0323V	 0.0	 7.03	 7.07	 14.78	 20.08	 17.72	 16.99	 16.33	 1.14	 1
YS-SC433-0323V	 0.0	 7.15	 8.62	 18.03	 19.02	 16.82	 16.01	 14.35	 1.14	 2
YS-SC433-0323V	 0.0	 11.65	 9.22	 16.1	 17.99	 16.81	 14.71	 13.51	 1.14	 3
YS-SC433-0323V	 0.0	 11.16	 9.3	 14.38	 17.06	 18.33	 15.1	 14.65	 1.14	 4
YS-SC433-0323V	 0.0	 12.32	 9.71	 14.77	 18.37	 16.29	 15.02	 13.52	 1.14	 5
YS-SC433-0323V	 0.0	 16.04	 10.42	 7.56	 17.3	 13.36	 11.09	 18.86	 1.14	 6
YS-SC433-0323V	 0.0	 43.89	 12.04	 8.97	 10.36	 10.22	 7.99	 6.55	 1.14	 7
YS-SC433-0324NV	 0.0	 10.38	 9.53	 15.64	 18.03	 16.53	 15.22	 14.67	 1.34	 0
YS-SC433-0324NV	 0.0	 9.51	 9.3	 14.59	 17.55	 17.88	 16.15	 15.02	 1.34	 1
YS-SC433-0324NV	 0.0	 8.59	 8.69	 16.54	 18.36	 16.74	 16.0	 15.08	 1.34	 2
YS-SC433-0324NV	 0.0	 12.96	 10.25	 15.48	 17.8	 16.7	 14.43	 12.39	 1.34	 3
YS-SC433-0324NV	 0.0	 11.71	 9.38	 14.06	 16.77	 16.98	 15.93	 15.18	 1.34	 4
YS-SC433-0324NV	 0.0	 12.64	 10.09	 14.56	 17.0	 17.16	 14.98	 13.58	 1.34	 5
YS-SC433-0324NV	 0.0	 18.23	 12.08	 11.82	 15.59	 12.22	 14.5	 15.56	 1.34	 6
YS-SC433-0324NV	 0.0	 44.91	 11.47	 8.18	 9.25	 9.31	 10.15	 6.74	 1.34	 7
YS-SC433-0324V	 0.0	 10.02	 8.99	 16.53	 18.86	 16.18	 15.97	 13.44	 1.16	 0
YS-SC433-0324V	 0.0	 8.41	 11.1	 13.96	 16.68	 20.29	 17.21	 12.35	 1.16	 1
YS-SC433-0324V	 0.0	 8.46	 8.95	 18.19	 17.75	 16.85	 16.19	 13.59	 1.16	 2
YS-SC433-0324V	 0.0	 12.05	 9.21	 14.89	 17.45	 16.69	 15.15	 14.56	 1.16	 3
YS-SC433-0324V	 0.0	 12.09	 10.47	 14.58	 15.93	 16.81	 15.82	 14.3	 1.16	 4
YS-SC433-0324V	 0.0	 12.32	 9.15	 15.87	 16.35	 16.23	 15.7	 14.37	 1.16	 5
YS-SC433-0324V	 0.0	 7.26	 13.72	 15.65	 25.43	 18.79	 10.9	 8.24	 1.16	 6
YS-SC433-0324V	 0.0	 47.76	 11.68	 8.52	 9.52	 9.99	 5.79	 6.72	 1.16	 7
YS-SC433-0325V	 0.0	 10.13	 9.36	 16.17	 18.52	 15.74	 15.16	 14.93	 1.5	 0
YS-SC433-0325V	 0.0	 8.61	 9.53	 14.09	 17.6	 18.04	 16.92	 15.21	 1.5	 1
YS-SC433-0325V	 0.0	 7.85	 9.19	 18.09	 18.76	 16.35	 15.32	 14.43	 1.5	 2
YS-SC433-0325V	 0.0	 12.49	 9.59	 15.13	 17.84	 16.65	 15.06	 13.23	 1.5	 3
YS-SC433-0325V	 0.0	 10.41	 9.98	 13.96	 17.01	 17.79	 15.64	 15.2	 1.5	 4
YS-SC433-0325V	 0.0	 12.16	 9.67	 15.35	 17.41	 16.03	 15.62	 13.76	 1.5	 5
YS-SC433-0325V	 0.0	 17.12	 14.33	 9.61	 10.94	 12.21	 16.13	 19.04	 1.5	 6
YS-SC433-0325V	 0.0	 43.93	 14.16	 7.24	 10.27	 9.36	 7.48	 6.96	 1.5	 7
YS-SC433-0409	 0.0	 8.8	 7.87	 15.75	 17.97	 16.62	 15.65	 17.34	 1.56	 0
YS-SC433-0409	 0.0	 9.61	 9.29	 13.48	 15.62	 17.31	 15.9	 18.8	 1.56	 1
YS-SC433-0409	 0.0	 8.44	 8.97	 15.63	 17.21	 16.97	 16.69	 16.1	 1.56	 2
YS-SC433-0409	 0.0	 12.51	 9.69	 15.32	 16.39	 16.67	 15.09	 14.33	 1.56	 3
YS-SC433-0409	 0.0	 12.4	 9.3	 12.72	 15.75	 17.34	 15.96	 16.53	 1.56	 4
YS-SC433-0409	 0.0	 13.3	 9.34	 14.21	 16.22	 16.61	 14.65	 15.66	 1.56	 5
YS-SC433-0409	 0.0	 18.46	 12.01	 7.02	 15.4	 14.81	 15.04	 16.71	 1.56	 6
YS-SC433-0409	 0.0	 40.8	 12.21	 7.25	 11.71	 11.03	 7.7	 9.3	 1.56	 7
YS-SC433-0415	 0.0	 7.4	 9.46	 16.04	 17.02	 16.45	 16.92	 16.7	 1.28	 0
YS-SC433-0415	 0.0	 9.28	 8.51	 16.37	 12.62	 19.98	 19.13	 14.11	 1.28	 1
YS-SC433-0415	 0.0	 9.14	 7.88	 15.37	 17.51	 17.99	 16.28	 15.82	 1.28	 2
YS-SC433-0415	 0.0	 11.8	 9.26	 14.51	 16.12	 17.44	 15.84	 15.04	 1.28	 3
YS-SC433-0415	 0.0	 12.97	 9.54	 11.4	 15.55	 17.01	 16.1	 17.43	 1.28	 4
YS-SC433-0415	 0.0	 12.1	 10.25	 15.23	 17.18	 16.14	 14.82	 14.29	 1.28	 5
YS-SC433-0415	 0.0	 20.69	 9.08	 8.62	 12.74	 18.82	 16.43	 13.63	 1.28	 6
YS-SC433-0415	 0.0	 47.58	 13.95	 8.95	 13.05	 4.44	 5.39	 6.64	 1.28	 7
YS-SC433-0417	 0.0	 7.45	 9.33	 15.55	 17.56	 16.5	 16.5	 17.11	 1.99	 0
YS-SC433-0417	 0.0	 7.91	 8.46	 13.48	 16.29	 19.75	 16.94	 17.18	 1.99	 1
YS-SC433-0417	 0.0	 8.02	 8.22	 15.8	 18.63	 16.62	 15.7	 17.0	 1.99	 2
YS-SC433-0417	 0.0	 12.26	 9.4	 14.79	 16.13	 16.92	 14.49	 16.0	 1.99	 3
YS-SC433-0417	 0.0	 12.24	 8.94	 12.6	 16.33	 17.37	 15.89	 16.62	 1.99	 4
YS-SC433-0417	 0.0	 13.47	 9.37	 13.38	 15.61	 16.84	 15.64	 15.69	 1.99	 5
YS-SC433-0417	 0.0	 11.76	 15.12	 14.29	 8.71	 12.56	 22.01	 15.55	 1.99	 6
YS-SC433-0417	 0.0	 31.57	 13.74	 9.27	 12.07	 11.58	 10.7	 11.08	 1.99	 7
YS-SC433-091	 0.0	 7.05	 9.15	 14.29	 15.66	 19.22	 17.05	 16.15	 0.73	 0
YS-SC433-091	 0.0	 6.4	 9.9	 15.8	 16.57	 19.14	 17.87	 12.64	 0.73	 1
YS-SC433-091	 0.0	 10.77	 13.44	 14.96	 16.73	 17.15	 14.2	 12.74	 0.73	 2
YS-SC433-091	 0.0	 12.79	 11.48	 13.19	 15.84	 14.31	 16.97	 15.42	 0.73	 3
YS-SC433-091	 0.0	 11.4	 11.33	 15.68	 16.7	 16.12	 13.84	 14.93	 0.73	 4
YS-SC433-091	 0.0	 13.11	 11.35	 15.64	 16.96	 16.34	 13.83	 12.78	 0.73	 5
YS-SC433-091	 0.0	 22.95	 12.93	 9.67	 10.73	 13.96	 16.64	 11.78	 0.73	 6
YS-SC433-091	 0.0	 29.95	 13.96	 9.81	 12.15	 13.67	 12.28	 8.19	 0.73	 7
YS-SC433-092	 0.0	 8.18	 9.32	 15.29	 15.07	 14.93	 21.26	 15.95	 0.9	 0
YS-SC433-092	 0.0	 8.29	 6.75	 11.37	 17.64	 18.69	 18.19	 16.2	 0.9	 1
YS-SC433-092	 0.0	 9.4	 13.29	 16.11	 16.73	 16.64	 15.1	 12.72	 0.9	 2
YS-SC433-092	 0.0	 12.89	 11.38	 13.48	 15.7	 15.12	 15.53	 15.89	 0.9	 3
YS-SC433-092	 0.0	 12.79	 11.52	 14.9	 17.55	 14.34	 14.56	 14.34	 0.9	 4
YS-SC433-092	 0.0	 13.15	 11.79	 15.52	 16.47	 15.32	 13.86	 13.89	 0.9	 5
YS-SC433-092	 0.0	 22.18	 16.66	 9.48	 10.05	 14.91	 11.88	 11.77	 0.9	 6
YS-SC433-092	 0.0	 30.75	 11.86	 10.57	 14.32	 13.3	 9.77	 9.42	 0.9	 7
YS-SC433-131	 0.0	 8.03	 9.94	 13.91	 14.53	 17.4	 16.98	 19.21	 0.75	 0
YS-SC433-131	 0.0	 6.97	 6.54	 15.65	 17.15	 20.41	 18.03	 15.25	 0.75	 1
YS-SC433-131	 0.0	 9.72	 13.03	 14.08	 17.5	 18.2	 14.46	 13.0	 0.75	 2
YS-SC433-131	 0.0	 13.77	 10.52	 13.17	 15.95	 16.1	 14.15	 16.33	 0.75	 3
YS-SC433-131	 0.0	 12.19	 10.56	 14.49	 16.66	 15.51	 14.86	 15.73	 0.75	 4
YS-SC433-131	 0.0	 12.82	 11.46	 14.38	 17.07	 15.71	 14.33	 14.23	 0.75	 5
YS-SC433-131	 0.0	 13.87	 10.63	 8.96	 16.05	 20.08	 13.51	 15.23	 0.75	 6
YS-SC433-131	 0.0	 31.12	 12.12	 13.79	 11.59	 14.17	 8.86	 8.36	 0.75	 7
YS-SC433-132	 0.0	 9.67	 10.64	 14.02	 15.58	 17.49	 16.34	 16.26	 1.03	 0
YS-SC433-132	 0.0	 7.87	 8.94	 16.69	 16.72	 17.26	 14.31	 18.21	 1.03	 1
YS-SC433-132	 0.0	 10.65	 13.06	 14.26	 17.36	 15.83	 14.73	 14.1	 1.03	 2
YS-SC433-132	 0.0	 14.16	 10.83	 12.8	 16.14	 15.86	 14.7	 15.51	 1.03	 3
YS-SC433-132	 0.0	 13.56	 11.88	 13.41	 16.6	 15.96	 14.98	 13.61	 1.03	 4
YS-SC433-132	 0.0	 14.2	 11.55	 15.04	 16.46	 14.81	 13.83	 14.11	 1.03	 5
YS-SC433-132	 0.0	 18.2	 9.38	 10.11	 13.73	 11.3	 16.99	 18.96	 1.03	 6
YS-SC433-132	 0.0	 30.88	 11.33	 11.07	 13.08	 11.71	 14.34	 7.58	 1.03	 7
YS-SC433-Y09	 0.0	 7.58	 11.17	 13.0	 16.05	 16.93	 19.38	 15.9	 0.83	 0
YS-SC433-Y09	 0.0	 9.83	 9.09	 10.19	 16.05	 24.45	 14.98	 15.4	 0.83	 1
YS-SC433-Y09	 0.0	 10.13	 12.62	 14.16	 17.57	 17.0	 15.27	 13.25	 0.83	 2
YS-SC433-Y09	 0.0	 12.98	 9.88	 12.87	 15.34	 17.25	 15.22	 16.44	 0.83	 3
YS-SC433-Y09	 0.0	 11.42	 10.24	 14.9	 16.96	 16.58	 15.2	 14.7	 0.83	 4
YS-SC433-Y09	 0.0	 12.61	 11.7	 14.47	 16.32	 17.41	 14.34	 13.16	 0.83	 5
YS-SC433-Y09	 0.0	 13.65	 11.13	 8.72	 16.59	 16.16	 13.5	 20.26	 0.83	 6
YS-SC433-Y09	 0.0	 34.88	 12.09	 10.93	 11.66	 11.98	 11.11	 7.36	 0.83	 7
YS-SC433-Y091	 0.0	 7.5	 11.0	 12.66	 14.32	 20.63	 17.31	 16.58	 0.96	 0
YS-SC433-Y091	 0.0	 6.25	 8.79	 14.43	 18.32	 17.59	 17.63	 16.97	 0.96	 1
YS-SC433-Y091	 0.0	 9.43	 13.5	 15.13	 17.2	 16.61	 15.18	 12.93	 0.96	 2
YS-SC433-Y091	 0.0	 12.69	 9.85	 13.08	 15.65	 16.3	 15.8	 16.62	 0.96	 3
YS-SC433-Y091	 0.0	 11.24	 12.19	 13.92	 17.41	 16.8	 14.61	 13.84	 0.96	 4
YS-SC433-Y091	 0.0	 12.88	 11.71	 15.68	 16.75	 16.19	 14.22	 12.57	 0.96	 5
YS-SC433-Y091	 0.0	 11.61	 17.87	 9.33	 12.71	 18.47	 12.81	 17.19	 0.96	 6
YS-SC433-Y091	 0.0	 29.96	 11.72	 14.25	 12.3	 11.99	 11.63	 6.72	 0.96	 7
YS-SC442-0409	 0.0	 8.18	 10.8	 13.84	 16.19	 16.5	 15.6	 18.88	 0.92	 0
YS-SC442-0409	 0.0	 6.61	 8.01	 14.09	 17.23	 18.06	 16.21	 18.66	 0.92	 1
YS-SC442-0409	 0.0	 6.98	 7.67	 13.96	 18.23	 16.92	 17.4	 18.84	 0.92	 2
YS-SC442-0409	 0.0	 9.52	 8.11	 13.78	 15.6	 17.77	 17.24	 17.98	 0.92	 3
YS-SC442-0409	 0.0	 9.76	 9.81	 12.1	 16.27	 17.03	 16.5	 18.53	 0.92	 4
YS-SC442-0409	 0.0	 10.84	 8.17	 15.53	 16.79	 16.68	 15.3	 16.7	 0.92	 5
YS-SC442-0409	 0.0	 16.57	 12.2	 12.81	 15.64	 15.46	 10.45	 16.88	 0.92	 6
YS-SC442-0409	 0.0	 25.26	 12.69	 11.79	 12.3	 13.02	 9.29	 15.64	 0.92	 7
YS4231	 0.0	 9.03	 10.57	 11.53	 14.61	 17.2	 18.3	 18.01	 1.06	 0
YS4231	 0.0	 7.59	 8.4	 13.29	 17.89	 19.01	 16.35	 16.67	 1.06	 1
YS4231	 0.0	 10.92	 8.76	 14.94	 17.61	 16.21	 15.8	 15.75	 1.06	 2
YS4231	 0.0	 14.82	 9.94	 12.37	 16.22	 15.69	 16.41	 14.55	 1.06	 3
YS4231	 0.0	 13.27	 10.28	 13.3	 16.09	 16.93	 15.41	 14.73	 1.06	 4
YS4231	 0.0	 18.48	 12.15	 15.39	 14.69	 14.8	 12.6	 11.89	 1.06	 5
YS4231	 0.0	 16.84	 12.38	 8.27	 15.59	 15.66	 17.02	 14.25	 1.06	 6
YS4231	 0.0	 28.69	 14.27	 11.93	 13.54	 10.95	 9.88	 10.75	 1.06	 7
YS4231_1217	 0.0	 5.42	 4.93	 13.05	 21.8	 18.75	 16.05	 19.99	 0.75	 0
YS4231_1217	 0.0	 13.4	 15.3	 8.41	 22.59	 22.02	 7.42	 10.84	 0.75	 1
YS4231_1217	 0.0	 11.5	 10.24	 15.71	 17.84	 15.79	 16.04	 12.89	 0.75	 2
YS4231_1217	 0.0	 15.16	 7.33	 16.0	 15.56	 16.48	 15.17	 14.3	 0.75	 3
YS4231_1217	 0.0	 18.66	 11.46	 13.73	 15.64	 16.45	 13.63	 10.42	 0.75	 4
YS4231_1217	 0.0	 21.44	 13.34	 12.56	 14.18	 13.48	 13.38	 11.63	 0.75	 5
YS4231_1217	 0.0	 8.52	 24.37	 14.54	 17.94	 12.99	 12.09	 9.54	 0.75	 6
YS4231_1217	 0.0	 42.5	 38.13	 13.13	 0.0	 0.0	 0.0	 6.25	 0.75	 7
YS4331222	 0.0	 7.59	 8.44	 13.66	 17.0	 17.61	 17.69	 17.85	 0.65	 0
YS4331222	 0.0	 8.67	 9.25	 14.94	 18.47	 18.12	 15.3	 15.0	 0.65	 1
YS4331222	 0.0	 13.05	 9.22	 12.3	 14.74	 16.02	 17.4	 17.27	 0.65	 2
YS4331222	 0.0	 19.94	 11.74	 12.95	 14.13	 14.55	 13.42	 13.27	 0.65	 3
YS4331222	 0.0	 23.79	 12.78	 12.42	 13.31	 13.13	 11.99	 12.58	 0.65	 4
YS4331222	 0.0	 26.94	 14.29	 13.59	 13.4	 11.81	 9.87	 10.1	 0.65	 5
YS4331222	 0.0	 23.75	 14.95	 10.13	 11.79	 12.51	 12.75	 14.12	 0.65	 6
YS4331222	 0.0	 41.39	 15.15	 9.33	 10.05	 9.03	 7.46	 7.59	 0.65	 7
YS433_1217	 0.0	 16.5	 5.55	 6.28	 22.8	 24.01	 12.9	 11.96	 0.33	 0
YS433_1217	 0.0	 5.32	 10.97	 8.57	 5.9	 16.85	 8.71	 10.35	 0.33	 1
YS433_1217	 0.0	 12.62	 6.58	 8.33	 14.17	 13.65	 27.84	 16.8	 0.33	 2
YS433_1217	 0.0	 22.68	 18.25	 10.21	 10.95	 9.33	 20.02	 8.57	 0.33	 3
YS433_1217	 0.0	 18.2	 11.53	 14.06	 13.45	 10.85	 19.17	 12.73	 0.33	 4
YS433_1217	 0.0	 20.0	 12.82	 16.21	 12.18	 13.71	 10.07	 15.0	 0.33	 5
YS433_1217	 0.0	 11.74	 9.98	 3.66	 19.18	 6.79	 2.52	 12.8	 0.33	 6
YS433_1217	 0.0	 32.53	 14.88	 0.0	 2.47	 4.32	 5.92	 6.54	 0.33	 7
YS433_1218	 0.0	 11.48	 7.65	 12.26	 17.8	 16.71	 17.72	 16.37	 1.21	 0
YS433_1218	 0.0	 12.59	 12.09	 18.79	 13.08	 14.34	 15.42	 13.7	 1.21	 1
YS433_1218	 0.0	 11.36	 10.11	 14.99	 16.23	 16.71	 15.5	 15.09	 1.21	 2
YS433_1218	 0.0	 14.63	 12.13	 14.04	 15.18	 18.32	 12.84	 12.88	 1.21	 3
YS433_1218	 0.0	 17.71	 12.95	 14.8	 16.64	 15.0	 11.2	 11.72	 1.21	 4
YS433_1218	 0.0	 18.79	 13.23	 15.74	 15.49	 14.69	 11.13	 10.93	 1.21	 5
YS433_1218	 0.0	 22.46	 17.33	 8.81	 10.75	 14.19	 11.99	 14.47	 1.21	 6
YS433_1218	 0.0	 39.06	 16.23	 12.69	 11.12	 6.83	 6.91	 7.15	 1.21	 7
YS433_1219	 0.0	 7.17	 7.5	 12.33	 18.31	 19.67	 18.26	 16.75	 0.66	 0
YS433_1219	 0.0	 13.8	 10.09	 14.97	 19.25	 12.5	 16.05	 13.34	 0.66	 1
YS433_1219	 0.0	 12.65	 9.8	 12.87	 15.32	 15.59	 16.61	 17.16	 0.66	 2
YS433_1219	 0.0	 15.01	 10.44	 14.49	 15.7	 17.84	 13.13	 13.4	 0.66	 3
YS433_1219	 0.0	 19.31	 12.29	 13.53	 15.63	 14.63	 13.25	 11.36	 0.66	 4
YS433_1219	 0.0	 20.23	 12.98	 14.76	 15.74	 14.35	 11.52	 10.42	 0.66	 5
YS433_1219	 0.0	 21.1	 15.22	 9.34	 14.33	 14.31	 11.05	 14.66	 0.66	 6
YS433_1219	 0.0	 36.33	 14.66	 10.15	 12.19	 10.25	 9.01	 7.41	 0.66	 7
YS433_1220	 0.0	 5.87	 7.36	 13.78	 17.12	 17.25	 19.6	 19.03	 0.91	 0
YS433_1220	 0.0	 9.91	 9.63	 13.4	 16.57	 19.48	 14.75	 16.26	 0.91	 1
YS433_1220	 0.0	 12.1	 8.31	 12.6	 15.83	 17.3	 16.91	 16.95	 0.91	 2
YS433_1220	 0.0	 17.11	 10.68	 13.39	 15.0	 16.08	 14.15	 13.59	 0.91	 3
YS433_1220	 0.0	 20.29	 11.69	 13.21	 14.59	 14.34	 12.64	 13.23	 0.91	 4
YS433_1220	 0.0	 20.8	 13.25	 15.09	 15.61	 13.41	 11.49	 10.35	 0.91	 5
YS433_1220	 0.0	 23.52	 15.3	 13.64	 13.42	 9.91	 12.24	 11.98	 0.91	 6
YS433_1220	 0.0	 39.98	 13.25	 8.75	 11.97	 8.47	 8.25	 9.33	 0.91	 7
YS_0317	 0.0	 10.02	 8.86	 13.33	 17.36	 16.46	 16.43	 17.56	 0.9	 0
YS_0317	 0.0	 8.69	 7.88	 15.05	 16.05	 18.26	 18.0	 16.06	 0.9	 1
YS_0317	 0.0	 7.17	 7.58	 14.06	 16.31	 16.79	 17.52	 20.58	 0.9	 2
YS_0317	 0.0	 10.59	 8.49	 13.87	 16.55	 16.73	 15.83	 17.94	 0.9	 3
YS_0317	 0.0	 9.78	 8.96	 13.05	 15.69	 17.2	 17.53	 17.79	 0.9	 4
YS_0317	 0.0	 12.01	 9.63	 13.98	 16.38	 16.71	 15.42	 15.88	 0.9	 5
YS_0317	 0.0	 15.8	 9.28	 10.72	 14.22	 16.59	 15.57	 16.9	 0.9	 6
YS_0317	 0.0	 22.86	 14.59	 11.19	 13.44	 14.59	 11.1	 12.23	 0.9	 7
YS_0318	 0.0	 10.0	 9.23	 13.32	 17.15	 15.62	 16.87	 17.83	 1.03	 0
YS_0318	 0.0	 10.58	 11.23	 11.84	 18.07	 16.67	 14.54	 17.05	 1.03	 1
YS_0318	 0.0	 7.02	 7.96	 13.31	 16.93	 16.41	 17.83	 20.54	 1.03	 2
YS_0318	 0.0	 10.8	 8.72	 13.72	 15.9	 16.95	 16.55	 17.36	 1.03	 3
YS_0318	 0.0	 9.84	 9.41	 13.04	 16.18	 17.27	 17.0	 17.27	 1.03	 4
YS_0318	 0.0	 11.7	 9.65	 14.0	 16.1	 16.97	 15.96	 15.62	 1.03	 5
YS_0318	 0.0	 15.95	 9.71	 12.34	 14.8	 16.48	 13.95	 16.76	 1.03	 6
YS_0318	 0.0	 23.32	 11.26	 12.37	 11.99	 14.71	 12.43	 13.93	 1.03	 7
YuShan	 0.0	 13.67	 13.19	 12.77	 15.34	 15.22	 14.56	 15.24	 0.54	 0
YuShan	 0.0	 15.04	 7.55	 14.9	 14.34	 26.11	 10.56	 11.5	 0.54	 1
YuShan	 0.0	 12.7	 12.61	 14.6	 17.32	 16.68	 12.57	 13.53	 0.54	 2
YuShan	 0.0	 11.99	 11.4	 14.82	 17.02	 17.13	 14.34	 13.31	 0.54	 3
YuShan	 0.0	 16.44	 10.79	 11.39	 14.96	 15.48	 13.98	 16.96	 0.54	 4
YuShan	 0.0	 11.78	 12.61	 12.72	 17.48	 14.27	 16.04	 15.1	 0.54	 5
YuShan	 0.0	 17.16	 11.67	 11.56	 15.56	 18.75	 22.93	 2.38	 0.54	 6
YuShan	 0.0	 18.43	 14.07	 6.67	 11.11	 19.72	 4.17	 25.83	 0.54	 7
YuShan-0620	 0.0	 9.21	 10.53	 14.29	 16.95	 16.78	 15.96	 16.29	 1.58	 0
YuShan-0620	 0.0	 6.99	 8.26	 13.42	 16.44	 18.44	 17.51	 18.23	 1.58	 1
YuShan-0620	 0.0	 8.57	 8.56	 16.06	 18.51	 16.46	 16.45	 15.4	 1.58	 2
YuShan-0620	 0.0	 11.5	 9.42	 14.84	 16.8	 17.02	 15.68	 14.74	 1.58	 3
YuShan-0620	 0.0	 14.99	 10.87	 12.89	 15.41	 16.85	 14.46	 14.52	 1.58	 4
YuShan-0620	 0.0	 13.9	 10.76	 14.58	 16.52	 16.46	 14.42	 13.36	 1.58	 5
YuShan-0620	 0.0	 17.34	 12.31	 10.57	 13.52	 15.93	 15.64	 13.74	 1.58	 6
YuShan-0620	 0.0	 24.24	 15.09	 10.01	 11.88	 13.41	 12.54	 12.83	 1.58	 7
YuShan-MS-0506	 0.0	 8.15	 10.0	 15.68	 17.79	 15.7	 14.88	 17.8	 0.86	 0
YuShan-MS-0506	 0.0	 7.0	 7.99	 14.67	 17.17	 18.33	 17.86	 16.97	 0.86	 1
YuShan-MS-0506	 0.0	 7.54	 8.7	 16.54	 18.64	 16.86	 15.96	 15.76	 0.86	 2
YuShan-MS-0506	 0.0	 9.9	 8.37	 14.91	 17.08	 17.29	 16.45	 16.0	 0.86	 3
YuShan-MS-0506	 0.0	 13.67	 9.49	 14.26	 16.74	 16.7	 14.99	 14.15	 0.86	 4
YuShan-MS-0506	 0.0	 14.73	 10.31	 14.66	 16.78	 15.67	 13.89	 13.95	 0.86	 5
YuShan-MS-0506	 0.0	 15.68	 13.27	 12.06	 12.33	 15.8	 14.1	 16.04	 0.86	 6
YuShan-MS-0506	 0.0	 26.48	 10.63	 12.35	 14.11	 14.41	 10.41	 11.61	 0.86	 7
YuShan-MS-0509	 0.0	 7.81	 9.77	 13.34	 16.94	 16.76	 14.89	 20.48	 0.68	 0
YuShan-MS-0509	 0.0	 5.41	 9.89	 9.75	 16.3	 19.83	 19.23	 17.51	 0.68	 1
YuShan-MS-0509	 0.0	 6.69	 8.88	 15.64	 17.31	 16.35	 15.82	 19.32	 0.68	 2
YuShan-MS-0509	 0.0	 9.43	 8.7	 14.75	 16.49	 15.81	 16.06	 18.77	 0.68	 3
YuShan-MS-0509	 0.0	 10.05	 8.88	 13.89	 16.65	 17.85	 16.17	 16.51	 0.68	 4
YuShan-MS-0509	 0.0	 12.48	 10.06	 13.23	 16.73	 16.21	 15.44	 15.85	 0.68	 5
YuShan-MS-0509	 0.0	 17.29	 13.42	 10.42	 11.83	 14.48	 16.48	 16.08	 0.68	 6
YuShan-MS-0509	 0.0	 27.26	 10.69	 11.95	 12.88	 13.78	 11.47	 11.98	 0.68	 7
YuShan2017	 0.0	 39.68	 7.14	 14.29	 9.53	 7.94	 8.73	 12.7	 0.0	 0
YuShan2017	 0.0	 3.33	 12.22	 12.22	 8.89	 14.45	 22.22	 26.67	 0.0	 1
YuShan2017	 0.0	 1.39	 9.17	 4.03	 11.67	 32.64	 27.5	 13.61	 0.0	 2
YuShan2017	 0.0	 5.04	 5.11	 5.62	 12.64	 20.66	 28.78	 22.14	 0.0	 3
YuShan2017	 0.0	 4.65	 8.12	 11.81	 9.78	 28.74	 13.46	 23.45	 0.0	 4
YuShan2017	 0.0	 10.75	 9.78	 11.35	 14.19	 26.69	 19.2	 8.04	 0.0	 5
YuShan2017	 0.0	 15.08	 9.53	 15.87	 4.76	 19.84	 15.08	 19.84	 0.0	 6
YuShan2017	 0.0	 40.12	 0.0	 10.83	 4.17	 8.93	 15.6	 20.36	 0.0	 7
YuShan2018	 0.0	 8.66	 9.4	 13.0	 16.12	 16.71	 17.4	 18.71	 1.46	 0
YuShan2018	 0.0	 8.69	 9.07	 14.05	 16.59	 18.5	 16.13	 16.95	 1.46	 1
YuShan2018	 0.0	 9.48	 9.0	 14.65	 17.22	 16.87	 16.36	 16.42	 1.46	 2
YuShan2018	 0.0	 12.03	 9.29	 13.84	 16.93	 17.08	 15.93	 14.9	 1.46	 3
YuShan2018	 0.0	 12.32	 9.91	 12.44	 15.64	 16.91	 16.25	 16.52	 1.46	 4
YuShan2018	 0.0	 13.6	 9.59	 13.93	 15.9	 16.85	 15.32	 14.81	 1.46	 5
YuShan2018	 0.0	 15.89	 13.4	 10.65	 13.84	 14.48	 14.75	 16.57	 1.46	 6
YuShan2018	 0.0	 31.54	 14.07	 9.75	 12.54	 11.86	 10.92	 9.32	 1.46	 7
YuShan2018-0419	 0.0	 8.06	 8.57	 14.19	 17.86	 16.5	 18.31	 16.5	 1.19	 0
YuShan2018-0419	 0.0	 7.98	 8.38	 13.76	 17.84	 18.31	 14.91	 18.83	 1.19	 1
YuShan2018-0419	 0.0	 8.81	 8.84	 16.68	 17.63	 16.91	 15.61	 15.51	 1.19	 2
YuShan2018-0419	 0.0	 11.16	 8.98	 14.79	 17.49	 17.13	 15.54	 14.91	 1.19	 3
YuShan2018-0419	 0.0	 12.67	 10.3	 13.82	 16.42	 16.08	 14.57	 16.14	 1.19	 4
YuShan2018-0419	 0.0	 13.79	 9.96	 14.97	 16.16	 16.15	 14.99	 13.97	 1.19	 5
YuShan2018-0419	 0.0	 20.02	 14.23	 15.62	 13.64	 10.78	 12.34	 12.13	 1.19	 6
YuShan2018-0419	 0.0	 44.27	 12.59	 10.94	 9.99	 8.81	 5.66	 7.73	 1.19	 7
YuShan2018-2f13	 0.0	 4.44	 7.5	 12.84	 15.15	 16.56	 16.64	 26.87	 1.26	 0
YuShan2018-2f13	 0.0	 4.69	 7.31	 9.95	 20.29	 23.15	 21.34	 13.27	 1.26	 1
YuShan2018-2f13	 0.0	 8.44	 8.47	 11.31	 14.47	 19.47	 19.44	 18.4	 1.26	 2
YuShan2018-2f13	 0.0	 11.4	 9.2	 13.58	 16.87	 17.79	 16.31	 14.85	 1.26	 3
YuShan2018-2f13	 0.0	 12.02	 8.91	 13.92	 15.11	 17.4	 18.12	 14.52	 1.26	 4
YuShan2018-2f13	 0.0	 11.83	 10.09	 14.84	 17.29	 19.31	 14.16	 12.48	 1.26	 5
YuShan2018-2f13	 0.0	 15.91	 18.02	 12.25	 10.13	 18.06	 9.88	 15.75	 1.26	 6
YuShan2018-2f13	 0.0	 28.85	 10.79	 8.9	 15.55	 11.03	 13.12	 11.76	 1.26	 7
YuShan2018-2sc	 0.0	 6.5	 10.23	 7.38	 17.51	 17.21	 15.7	 25.47	 1.0	 0
YuShan2018-2sc	 0.0	 6.03	 6.67	 8.3	 21.14	 18.2	 23.0	 16.65	 1.0	 1
YuShan2018-2sc	 0.0	 6.17	 7.71	 18.1	 17.99	 17.18	 17.79	 15.05	 1.0	 2
YuShan2018-2sc	 0.0	 9.34	 10.21	 12.98	 20.11	 16.91	 15.23	 15.22	 1.0	 3
YuShan2018-2sc	 0.0	 9.89	 5.8	 14.88	 17.82	 18.95	 18.42	 14.24	 1.0	 4
YuShan2018-2sc	 0.0	 14.61	 10.42	 15.71	 17.51	 14.51	 13.33	 13.92	 1.0	 5
YuShan2018-2sc	 0.0	 26.79	 22.1	 4.91	 9.38	 14.29	 19.2	 3.35	 1.0	 6
YuShan2018-2sc	 0.0	 32.4	 23.54	 9.3	 4.91	 11.89	 11.96	 5.99	 1.0	 7
YuShan2018-3F16	 0.0	 4.63	 7.14	 8.03	 14.67	 20.69	 19.72	 25.12	 1.5	 0
YuShan2018-3F16	 0.0	 6.96	 6.55	 6.34	 16.43	 23.5	 15.65	 24.57	 1.5	 1
YuShan2018-3F16	 0.0	 9.31	 8.13	 11.02	 16.82	 15.78	 18.08	 20.85	 1.5	 2
YuShan2018-3F16	 0.0	 9.55	 8.48	 12.89	 16.28	 17.58	 18.45	 16.77	 1.5	 3
YuShan2018-3F16	 0.0	 10.56	 9.26	 10.43	 15.09	 18.95	 17.11	 18.61	 1.5	 4
YuShan2018-3F16	 0.0	 11.49	 8.84	 12.82	 15.9	 16.31	 17.05	 17.6	 1.5	 5
YuShan2018-3F16	 0.0	 24.93	 17.36	 4.35	 10.93	 6.19	 21.67	 14.58	 1.5	 6
YuShan2018-3F16	 0.0	 27.29	 22.44	 5.31	 9.89	 13.88	 15.86	 5.32	 1.5	 7
YuShan2018-3f13	 0.0	 9.1	 5.15	 10.73	 12.97	 22.56	 20.55	 18.92	 1.7	 0
YuShan2018-3f13	 0.0	 9.23	 4.21	 27.17	 16.43	 16.92	 19.32	 6.72	 1.7	 1
YuShan2018-3f13	 0.0	 8.53	 9.14	 14.14	 14.77	 15.97	 17.28	 20.18	 1.7	 2
YuShan2018-3f13	 0.0	 10.77	 6.06	 14.11	 16.89	 19.35	 16.38	 16.44	 1.7	 3
YuShan2018-3f13	 0.0	 9.53	 8.89	 12.34	 17.24	 19.42	 16.52	 16.06	 1.7	 4
YuShan2018-3f13	 0.0	 8.26	 8.23	 14.52	 16.2	 18.65	 18.24	 15.9	 1.7	 5
YuShan2018-3f13	 0.0	 17.59	 33.87	 10.39	 1.43	 13.61	 13.23	 9.88	 1.7	 6
YuShan2018-3f13	 0.0	 35.19	 11.46	 13.06	 7.34	 14.28	 7.57	 11.09	 1.7	 7
YuShan2018-3sc	 0.0	 4.45	 6.5	 12.7	 20.47	 21.58	 16.47	 17.83	 0.7	 0
YuShan2018-3sc	 0.0	 6.0	 4.53	 9.42	 18.45	 15.53	 28.45	 17.62	 0.7	 1
YuShan2018-3sc	 0.0	 6.31	 9.86	 15.14	 18.82	 18.87	 16.71	 14.28	 0.7	 2
YuShan2018-3sc	 0.0	 11.56	 11.05	 16.78	 17.48	 14.98	 14.7	 13.44	 0.7	 3
YuShan2018-3sc	 0.0	 9.77	 8.94	 14.32	 17.38	 17.11	 16.04	 16.44	 0.7	 4
YuShan2018-3sc	 0.0	 14.76	 8.2	 15.18	 17.46	 14.93	 16.69	 12.79	 0.7	 5
YuShan2018-3sc	 0.0	 19.81	 2.22	 17.95	 11.51	 21.12	 22.11	 5.29	 0.7	 6
YuShan2018-3sc	 0.0	 29.03	 16.66	 8.26	 3.56	 9.35	 22.63	 10.51	 0.7	 7
YuShan2019	 0.0	 9.25	 8.87	 12.31	 15.2	 16.53	 17.59	 20.25	 1.46	 0
YuShan2019	 0.0	 10.19	 6.96	 12.67	 17.19	 18.83	 17.02	 17.14	 1.46	 1
YuShan2019	 0.0	 9.14	 8.34	 13.67	 16.44	 16.56	 17.37	 18.47	 1.46	 2
YuShan2019	 0.0	 10.98	 8.82	 14.41	 15.54	 16.24	 17.09	 16.91	 1.46	 3
YuShan2019	 0.0	 13.86	 10.05	 12.15	 15.18	 15.82	 16.26	 16.66	 1.46	 4
YuShan2019	 0.0	 14.07	 9.44	 12.78	 16.87	 15.89	 15.91	 15.05	 1.46	 5
YuShan2019	 0.0	 18.24	 11.56	 10.2	 13.85	 15.36	 15.45	 12.71	 1.46	 6
YuShan2019	 0.0	 35.35	 14.8	 8.47	 13.03	 11.37	 9.53	 7.45	 1.46	 7
YuShan2019-L22	 0.0	 6.8	 8.31	 14.84	 18.77	 16.59	 16.76	 17.93	 1.54	 0
YuShan2019-L22	 0.0	 10.91	 8.52	 12.11	 16.37	 19.78	 15.25	 17.06	 1.54	 1
YuShan2019-L22	 0.0	 8.68	 9.23	 16.85	 18.6	 14.96	 14.67	 17.01	 1.54	 2
YuShan2019-L22	 0.0	 11.33	 9.22	 15.62	 16.55	 15.4	 14.92	 16.96	 1.54	 3
YuShan2019-L22	 0.0	 13.37	 9.76	 15.07	 15.91	 14.0	 13.78	 18.12	 1.54	 4
YuShan2019-L22	 0.0	 12.74	 9.99	 16.14	 16.96	 15.02	 13.48	 15.66	 1.54	 5
YuShan2019-L22	 0.0	 18.89	 10.91	 12.48	 13.58	 13.05	 14.03	 16.3	 1.54	 6
YuShan2019-L22	 0.0	 31.86	 17.7	 11.42	 11.66	 9.8	 8.35	 9.21	 1.54	 7
YuShan2019-L221	 0.0	 8.85	 8.21	 12.41	 14.08	 14.41	 18.84	 23.2	 1.3	 0
YuShan2019-L221	 0.0	 12.04	 11.99	 14.05	 18.68	 16.84	 12.17	 14.23	 1.3	 1
YuShan2019-L221	 0.0	 9.57	 9.4	 15.25	 16.72	 14.54	 14.24	 20.27	 1.3	 2
YuShan2019-L221	 0.0	 11.81	 9.37	 12.66	 17.64	 16.35	 14.98	 17.2	 1.3	 3
YuShan2019-L221	 0.0	 14.66	 10.79	 14.38	 16.02	 13.92	 13.72	 16.51	 1.3	 4
YuShan2019-L221	 0.0	 12.55	 10.82	 14.23	 16.14	 15.75	 13.86	 16.66	 1.3	 5
YuShan2019-L221	 0.0	 18.3	 9.89	 10.35	 12.88	 16.02	 17.38	 15.19	 1.3	 6
YuShan2019-L221	 0.0	 37.09	 15.85	 10.62	 11.87	 8.37	 7.92	 8.28	 1.3	 7
YuShan2019-L222	 0.0	 9.4	 8.61	 12.7	 17.38	 16.68	 18.51	 16.73	 1.24	 0
YuShan2019-L222	 0.0	 14.02	 9.76	 13.89	 12.82	 18.83	 14.97	 15.71	 1.24	 1
YuShan2019-L222	 0.0	 9.26	 9.49	 15.79	 18.21	 16.29	 15.39	 15.58	 1.24	 2
YuShan2019-L222	 0.0	 10.41	 8.6	 15.1	 16.73	 18.64	 14.97	 15.54	 1.24	 3
YuShan2019-L222	 0.0	 11.17	 8.76	 13.27	 18.92	 17.76	 14.8	 15.31	 1.24	 4
YuShan2019-L222	 0.0	 12.74	 10.19	 15.7	 16.14	 15.56	 14.58	 15.09	 1.24	 5
YuShan2019-L222	 0.0	 10.67	 15.61	 9.59	 8.4	 13.65	 18.23	 23.85	 1.24	 6
YuShan2019-L222	 0.0	 25.98	 13.78	 11.11	 10.17	 16.86	 9.21	 12.89	 1.24	 7
YuShan2019-L223	 0.0	 7.33	 8.48	 15.66	 17.11	 16.35	 16.58	 18.5	 1.62	 0
YuShan2019-L223	 0.0	 8.86	 8.99	 13.91	 17.41	 18.44	 16.05	 15.98	 1.62	 1
YuShan2019-L223	 0.0	 8.57	 9.23	 16.72	 18.65	 15.08	 14.53	 17.21	 1.62	 2
YuShan2019-L223	 0.0	 11.99	 9.76	 15.13	 17.01	 15.75	 14.59	 15.77	 1.62	 3
YuShan2019-L223	 0.0	 14.04	 10.22	 13.81	 15.5	 14.66	 14.57	 17.19	 1.62	 4
YuShan2019-L223	 0.0	 13.61	 10.51	 15.18	 16.59	 14.98	 13.52	 15.61	 1.62	 5
YuShan2019-L223	 0.0	 18.51	 15.07	 12.83	 13.14	 13.34	 12.22	 14.58	 1.62	 6
YuShan2019-L223	 0.0	 32.91	 14.66	 11.24	 11.69	 11.42	 9.17	 8.22	 1.62	 7
YuShan2019CN	 0.0	 8.53	 8.96	 10.86	 16.68	 17.21	 18.45	 19.3	 1.59	 0
YuShan2019CN	 0.0	 12.82	 8.18	 14.0	 15.14	 15.67	 16.82	 17.37	 1.59	 1
YuShan2019CN	 0.0	 10.07	 9.45	 16.36	 18.24	 17.2	 13.48	 15.2	 1.59	 2
YuShan2019CN	 0.0	 11.35	 8.81	 14.87	 18.17	 17.57	 14.56	 14.67	 1.59	 3
YuShan2019CN	 0.0	 12.05	 9.28	 15.64	 15.81	 16.49	 14.89	 15.84	 1.59	 4
YuShan2019CN	 0.0	 13.36	 9.28	 15.33	 14.85	 16.93	 14.52	 15.74	 1.59	 5
YuShan2019CN	 0.0	 12.94	 11.2	 12.81	 13.55	 13.01	 17.0	 19.5	 1.59	 6
YuShan2019CN	 0.0	 24.59	 14.62	 12.24	 16.13	 12.45	 8.87	 11.11	 1.59	 7
YuShan2019GL1	 0.0	 8.33	 8.86	 15.16	 17.89	 17.13	 16.23	 16.41	 1.93	 0
YuShan2019GL1	 0.0	 10.26	 8.68	 14.84	 16.52	 18.1	 16.87	 14.11	 1.93	 1
YuShan2019GL1	 0.0	 9.63	 8.91	 16.44	 18.4	 16.19	 15.36	 15.08	 1.93	 2
YuShan2019GL1	 0.0	 12.62	 9.85	 15.6	 17.6	 16.17	 14.48	 13.67	 1.93	 3
YuShan2019GL1	 0.0	 13.94	 10.51	 13.87	 15.85	 15.36	 14.45	 16.01	 1.93	 4
YuShan2019GL1	 0.0	 14.42	 10.27	 15.18	 16.04	 16.1	 14.27	 13.71	 1.93	 5
YuShan2019GL1	 0.0	 19.84	 14.19	 11.88	 13.36	 12.73	 12.39	 15.33	 1.93	 6
YuShan2019GL1	 0.0	 29.86	 13.62	 11.41	 13.68	 11.96	 10.3	 8.84	 1.93	 7
YuShan2019NB1	 0.0	 7.6	 8.61	 13.58	 17.38	 17.78	 17.65	 17.41	 1.91	 0
YuShan2019NB1	 0.0	 10.14	 10.01	 14.07	 16.03	 17.51	 16.17	 15.78	 1.91	 1
YuShan2019NB1	 0.0	 7.65	 8.19	 15.34	 18.21	 17.51	 16.8	 16.3	 1.91	 2
YuShan2019NB1	 0.0	 10.4	 8.39	 13.6	 16.16	 17.77	 17.01	 16.67	 1.91	 3
YuShan2019NB1	 0.0	 10.14	 8.35	 11.31	 15.25	 17.99	 18.38	 18.57	 1.91	 4
YuShan2019NB1	 0.0	 12.92	 9.48	 13.27	 16.42	 17.36	 15.5	 15.05	 1.91	 5
YuShan2019NB1	 0.0	 13.67	 11.45	 10.19	 12.75	 15.92	 15.02	 20.34	 1.91	 6
YuShan2019NB1	 0.0	 27.84	 12.49	 10.03	 12.75	 12.97	 11.95	 11.96	 1.91	 7
YuShan2019_A	 0.0	 15.59	 10.21	 10.83	 16.34	 16.02	 18.63	 12.38	 0.76	 0
YuShan2019_A	 0.0	 12.16	 8.14	 13.24	 17.4	 17.23	 13.94	 17.88	 0.76	 1
YuShan2019_A	 0.0	 13.54	 10.35	 12.17	 16.1	 16.73	 15.49	 15.62	 0.76	 2
YuShan2019_A	 0.0	 10.9	 8.82	 12.06	 16.64	 17.84	 16.47	 17.28	 0.76	 3
YuShan2019_A	 0.0	 16.91	 9.94	 10.88	 15.74	 16.24	 15.28	 14.99	 0.76	 4
YuShan2019_A	 0.0	 15.28	 9.22	 12.39	 15.05	 15.86	 17.25	 14.93	 0.76	 5
YuShan2019_A	 0.0	 23.86	 8.75	 9.84	 18.07	 14.03	 9.3	 16.15	 0.76	 6
YuShan2019_A	 0.0	 24.38	 15.39	 15.72	 7.22	 12.68	 10.45	 14.16	 0.76	 7
YuShan2019_B1	 0.0	 12.26	 8.57	 3.97	 10.21	 14.95	 20.16	 29.87	 0.74	 0
YuShan2019_B1	 0.0	 5.65	 8.57	 9.47	 14.87	 17.05	 20.05	 24.37	 0.74	 1
YuShan2019_B1	 0.0	 13.08	 7.66	 7.97	 10.72	 15.59	 17.85	 27.12	 0.74	 2
YuShan2019_B1	 0.0	 7.9	 8.12	 9.67	 13.88	 18.47	 19.79	 22.17	 0.74	 3
YuShan2019_B1	 0.0	 18.26	 12.56	 8.75	 11.7	 13.66	 15.81	 19.26	 0.74	 4
YuShan2019_B1	 0.0	 14.06	 7.89	 11.32	 14.45	 16.54	 17.62	 18.14	 0.74	 5
YuShan2019_B1	 0.0	 16.53	 19.96	 11.15	 14.56	 13.18	 10.27	 14.36	 0.74	 6
YuShan2019_B1	 0.0	 37.29	 16.88	 5.2	 7.45	 9.16	 10.44	 13.57	 0.74	 7
YuShan2019_I	 0.0	 9.45	 8.7	 12.2	 15.67	 16.17	 18.18	 19.63	 1.66	 0
YuShan2019_I	 0.0	 8.51	 8.39	 13.6	 17.96	 17.99	 16.11	 17.44	 1.66	 1
YuShan2019_I	 0.0	 10.05	 9.58	 13.49	 16.99	 17.06	 16.23	 16.61	 1.66	 2
YuShan2019_I	 0.0	 11.79	 9.47	 13.58	 16.49	 17.01	 15.96	 15.7	 1.66	 3
YuShan2019_I	 0.0	 12.47	 10.31	 12.46	 15.2	 17.38	 16.36	 15.81	 1.66	 4
YuShan2019_I	 0.0	 14.32	 10.39	 13.19	 16.14	 17.04	 15.27	 13.65	 1.66	 5
YuShan2019_I	 0.0	 16.15	 12.86	 9.0	 14.86	 17.71	 13.76	 15.67	 1.66	 6
YuShan2019_I	 0.0	 22.98	 12.15	 11.83	 15.33	 13.52	 13.23	 10.94	 1.66	 7
YuShan2019_J	 0.0	 8.9	 9.07	 14.11	 17.9	 17.52	 15.7	 16.79	 1.65	 0
YuShan2019_J	 0.0	 9.89	 8.89	 12.97	 15.37	 17.61	 17.71	 17.55	 1.65	 1
YuShan2019_J	 0.0	 8.43	 8.85	 15.96	 18.26	 16.72	 16.04	 15.74	 1.65	 2
YuShan2019_J	 0.0	 11.35	 9.66	 15.09	 17.13	 16.76	 15.38	 14.62	 1.65	 3
YuShan2019_J	 0.0	 14.47	 10.06	 12.75	 15.79	 16.5	 15.22	 15.2	 1.65	 4
YuShan2019_J	 0.0	 14.22	 10.48	 14.13	 16.38	 17.23	 14.35	 13.21	 1.65	 5
YuShan2019_J	 0.0	 15.63	 13.58	 12.38	 13.08	 16.94	 15.69	 12.7	 1.65	 6
YuShan2019_J	 0.0	 23.04	 12.68	 11.31	 13.46	 13.62	 12.44	 13.45	 1.65	 7
YuShan2020	 0.0	 8.71	 8.05	 15.25	 12.21	 18.88	 20.95	 15.94	 1.06	 0
YuShan2020	 0.0	 17.39	 6.92	 14.5	 8.2	 11.94	 23.02	 18.04	 1.06	 1
YuShan2020	 0.0	 9.49	 8.54	 13.67	 17.66	 17.78	 16.3	 16.56	 1.06	 2
YuShan2020	 0.0	 12.33	 8.47	 13.92	 14.6	 17.9	 16.24	 16.53	 1.06	 3
YuShan2020	 0.0	 16.85	 9.1	 13.2	 14.85	 17.67	 14.01	 14.32	 1.06	 4
YuShan2020	 0.0	 11.49	 11.12	 13.65	 18.76	 18.13	 14.79	 12.06	 1.06	 5
YuShan2020	 0.0	 26.45	 16.42	 5.71	 11.06	 13.08	 17.07	 10.22	 1.06	 6
YuShan2020	 0.0	 16.87	 7.64	 13.0	 14.42	 20.02	 11.49	 16.55	 1.06	 7
YuShan433-F13	 0.0	 10.88	 10.24	 10.03	 13.59	 16.98	 18.46	 19.82	 1.9	 0
YuShan433-F13	 0.0	 9.61	 8.05	 15.68	 16.4	 17.97	 16.66	 15.64	 1.9	 1
YuShan433-F13	 0.0	 10.53	 10.02	 13.04	 16.59	 17.35	 16.72	 15.76	 1.9	 2
YuShan433-F13	 0.0	 11.64	 9.91	 13.86	 15.67	 17.26	 15.89	 15.77	 1.9	 3
YuShan433-F13	 0.0	 13.32	 10.12	 11.29	 14.81	 17.15	 16.4	 16.92	 1.9	 4
YuShan433-F13	 0.0	 14.46	 10.67	 13.39	 15.88	 17.22	 14.08	 14.3	 1.9	 5
YuShan433-F13	 0.0	 16.82	 15.54	 8.69	 13.75	 15.32	 13.84	 15.6	 1.9	 6
YuShan433-F13	 0.0	 23.0	 16.81	 11.54	 13.34	 12.43	 10.86	 12.01	 1.9	 7
YuShan433-F16	 0.0	 10.36	 9.78	 9.97	 14.66	 17.45	 17.47	 20.31	 1.84	 0
YuShan433-F16	 0.0	 8.57	 8.64	 13.22	 18.47	 18.24	 17.32	 15.53	 1.84	 1
YuShan433-F16	 0.0	 10.38	 9.62	 12.47	 15.64	 17.32	 17.03	 17.53	 1.84	 2
YuShan433-F16	 0.0	 11.22	 10.25	 13.83	 15.85	 17.36	 15.72	 15.76	 1.84	 3
YuShan433-F16	 0.0	 13.5	 10.65	 10.75	 14.75	 17.36	 16.24	 16.74	 1.84	 4
YuShan433-F16	 0.0	 13.78	 11.12	 12.99	 15.88	 17.05	 15.0	 14.19	 1.84	 5
YuShan433-F16	 0.0	 18.8	 12.42	 10.22	 14.93	 15.44	 13.29	 14.89	 1.84	 6
YuShan433-F16	 0.0	 19.42	 16.49	 10.89	 11.54	 15.47	 12.76	 13.43	 1.84	 7
YuShan433-SC	 0.0	 8.15	 9.29	 15.07	 17.23	 17.02	 16.69	 16.55	 1.38	 0
YuShan433-SC	 0.0	 8.51	 8.82	 13.99	 18.45	 18.46	 16.58	 15.17	 1.38	 1
YuShan433-SC	 0.0	 9.06	 8.87	 16.53	 18.07	 16.47	 15.97	 15.02	 1.38	 2
YuShan433-SC	 0.0	 11.81	 9.98	 15.03	 17.39	 16.27	 15.11	 14.41	 1.38	 3
YuShan433-SC	 0.0	 12.86	 9.67	 13.35	 16.52	 16.57	 15.12	 15.91	 1.38	 4
YuShan433-SC	 0.0	 13.9	 10.46	 14.5	 16.0	 16.55	 14.93	 13.66	 1.38	 5
YuShan433-SC	 0.0	 16.14	 13.38	 11.77	 13.26	 14.33	 13.9	 17.24	 1.38	 6
YuShan433-SC	 0.0	 25.46	 15.95	 13.79	 13.57	 11.71	 9.87	 9.66	 1.38	 7
YuShan442	 0.0	 11.28	 9.5	 11.86	 14.96	 15.28	 17.29	 19.83	 1.27	 0
YuShan442	 0.0	 8.22	 8.54	 11.79	 16.45	 16.8	 16.91	 21.28	 1.27	 1
YuShan442	 0.0	 8.45	 9.04	 12.86	 15.89	 16.11	 17.97	 19.68	 1.27	 2
YuShan442	 0.0	 9.03	 8.05	 12.68	 15.7	 17.01	 17.43	 20.09	 1.27	 3
YuShan442	 0.0	 11.16	 10.07	 12.68	 15.89	 16.55	 16.27	 17.38	 1.27	 4
YuShan442	 0.0	 12.35	 9.76	 13.97	 16.35	 16.98	 15.21	 15.38	 1.27	 5
YuShan442	 0.0	 17.47	 11.72	 10.85	 14.79	 14.2	 14.26	 16.71	 1.27	 6
YuShan442	 0.0	 23.25	 12.73	 10.95	 13.0	 14.27	 12.67	 13.13	 1.27	 7
YuShan442-0506	 0.0	 12.13	 10.33	 8.99	 13.25	 16.75	 18.32	 20.22	 1.07	 0
YuShan442-0506	 0.0	 7.88	 7.34	 11.38	 15.03	 17.26	 21.44	 19.67	 1.07	 1
YuShan442-0506	 0.0	 9.08	 8.98	 11.69	 15.3	 17.45	 17.88	 19.61	 1.07	 2
YuShan442-0506	 0.0	 7.57	 7.06	 11.74	 15.49	 18.49	 19.14	 20.5	 1.07	 3
YuShan442-0506	 0.0	 14.47	 11.26	 10.7	 14.44	 16.49	 15.77	 16.87	 1.07	 4
YuShan442-0506	 0.0	 10.67	 9.98	 12.93	 16.62	 18.11	 16.01	 15.68	 1.07	 5
YuShan442-0506	 0.0	 16.01	 14.19	 11.78	 13.12	 17.06	 14.35	 13.49	 1.07	 6
YuShan442-0506	 0.0	 24.13	 11.86	 12.13	 12.2	 13.78	 12.98	 12.92	 1.07	 7
YuShan442-0509	 0.0	 9.27	 9.06	 14.33	 18.35	 16.8	 16.44	 15.77	 0.72	 0
YuShan442-0509	 0.0	 6.52	 7.56	 14.81	 16.43	 21.66	 16.23	 16.77	 0.72	 1
YuShan442-0509	 0.0	 7.56	 8.7	 17.53	 18.66	 17.5	 15.38	 14.67	 0.72	 2
YuShan442-0509	 0.0	 9.64	 7.97	 14.92	 18.25	 16.82	 16.66	 15.75	 0.72	 3
YuShan442-0509	 0.0	 11.44	 8.57	 13.68	 16.75	 18.73	 16.29	 14.53	 0.72	 4
YuShan442-0509	 0.0	 12.62	 10.29	 15.47	 16.22	 16.13	 15.55	 13.72	 0.72	 5
YuShan442-0509	 0.0	 16.23	 5.75	 10.34	 17.2	 19.14	 14.76	 16.58	 0.72	 6
YuShan442-0509	 0.0	 30.43	 9.57	 11.11	 13.1	 13.14	 11.07	 11.58	 0.72	 7
YuShan442-F16	 0.0	 11.11	 9.87	 8.77	 16.28	 17.98	 17.64	 18.36	 1.15	 0
YuShan442-F16	 0.0	 6.66	 9.02	 11.74	 16.31	 18.78	 16.95	 20.54	 1.15	 1
YuShan442-F16	 0.0	 9.03	 7.78	 12.83	 16.84	 17.96	 17.45	 18.11	 1.15	 2
YuShan442-F16	 0.0	 8.72	 9.35	 14.08	 15.71	 19.06	 17.48	 15.6	 1.15	 3
YuShan442-F16	 0.0	 11.94	 11.08	 11.69	 14.2	 17.64	 16.18	 17.28	 1.15	 4
YuShan442-F16	 0.0	 13.83	 11.34	 15.05	 15.6	 16.97	 14.75	 12.46	 1.15	 5
YuShan442-F16	 0.0	 13.48	 11.78	 15.88	 13.37	 15.35	 11.64	 18.5	 1.15	 6
YuShan442-F16	 0.0	 32.42	 10.76	 11.66	 13.11	 11.59	 10.47	 9.99	 1.15	 7
YuShan442-F160	 0.0	 8.61	 10.6	 10.91	 15.51	 15.45	 15.66	 23.26	 1.47	 0
YuShan442-F160	 0.0	 8.18	 10.73	 10.93	 17.33	 18.96	 15.91	 17.94	 1.47	 1
YuShan442-F160	 0.0	 8.76	 8.96	 13.71	 16.68	 16.62	 17.68	 17.58	 1.47	 2
YuShan442-F160	 0.0	 9.59	 9.11	 13.18	 17.06	 17.73	 16.45	 16.9	 1.47	 3
YuShan442-F160	 0.0	 13.6	 11.11	 10.53	 16.17	 15.83	 15.63	 17.11	 1.47	 4
YuShan442-F160	 0.0	 13.19	 10.7	 13.86	 17.36	 16.7	 14.86	 13.33	 1.47	 5
YuShan442-F160	 0.0	 14.73	 8.8	 12.65	 11.95	 18.44	 16.18	 15.44	 1.47	 6
YuShan442-F160	 0.0	 27.73	 12.9	 10.51	 15.17	 13.87	 9.81	 10.01	 1.47	 7
YuShan442-SC	 0.0	 9.68	 8.56	 11.9	 17.71	 17.3	 16.15	 18.7	 1.1	 0
YuShan442-SC	 0.0	 7.54	 8.92	 10.58	 16.91	 18.21	 19.08	 18.76	 1.1	 1
YuShan442-SC	 0.0	 7.23	 8.94	 15.83	 18.13	 17.65	 17.0	 15.21	 1.1	 2
YuShan442-SC	 0.0	 10.42	 9.44	 15.03	 16.51	 16.58	 15.3	 16.72	 1.1	 3
YuShan442-SC	 0.0	 12.61	 10.55	 13.46	 15.02	 16.93	 15.56	 15.87	 1.1	 4
YuShan442-SC	 0.0	 14.41	 8.99	 14.94	 15.5	 17.01	 14.17	 14.98	 1.1	 5
YuShan442-SC	 0.0	 15.9	 8.13	 13.68	 16.56	 13.15	 14.13	 16.63	 1.1	 6
YuShan442-SC	 0.0	 35.1	 8.39	 11.94	 13.37	 11.17	 10.42	 9.59	 1.1	 7
YuShan442-SC0	 0.0	 8.12	 7.59	 14.26	 19.1	 16.62	 16.52	 17.79	 0.97	 0
YuShan442-SC0	 0.0	 8.38	 7.27	 14.48	 15.08	 19.2	 17.52	 18.07	 0.97	 1
YuShan442-SC0	 0.0	 7.0	 8.64	 16.99	 17.4	 17.45	 16.88	 15.65	 0.97	 2
YuShan442-SC0	 0.0	 10.4	 8.64	 14.76	 17.44	 17.41	 15.72	 15.63	 0.97	 3
YuShan442-SC0	 0.0	 11.03	 9.69	 11.21	 15.49	 17.75	 17.16	 17.68	 0.97	 4
YuShan442-SC0	 0.0	 13.57	 10.08	 13.16	 16.58	 17.3	 15.28	 14.03	 0.97	 5
YuShan442-SC0	 0.0	 13.59	 13.57	 10.86	 14.82	 16.01	 16.39	 14.76	 0.97	 6
YuShan442-SC0	 0.0	 25.4	 11.2	 11.08	 13.03	 14.45	 14.2	 10.65	 0.97	 7
YuShanG	 0.0	 11.61	 11.35	 10.56	 18.23	 11.8	 17.19	 19.26	 0.47	 0
YuShanG	 0.0	 3.97	 19.42	 15.38	 19.5	 6.75	 7.84	 27.14	 0.47	 1
YuShanG	 0.0	 10.45	 10.67	 9.4	 12.02	 17.95	 18.46	 21.06	 0.47	 2
YuShanG	 0.0	 7.12	 6.37	 10.2	 15.76	 20.97	 21.27	 18.31	 0.47	 3
YuShanG	 0.0	 9.93	 10.1	 8.38	 15.01	 20.15	 14.42	 22.01	 0.47	 4
YuShanG	 0.0	 13.58	 6.34	 11.61	 16.75	 18.72	 18.88	 14.11	 0.47	 5
YuShanG	 0.0	 21.36	 14.65	 7.97	 19.61	 10.55	 12.53	 13.33	 0.47	 6
YuShanG	 0.0	 19.13	 15.21	 11.86	 14.47	 13.6	 9.43	 16.32	 0.47	 7
YuShan_4231	 0.0	 6.41	 7.54	 10.46	 16.1	 18.17	 19.83	 21.47	 3.58	 0
YuShan_4231	 0.0	 11.57	 10.21	 14.36	 14.47	 16.49	 17.64	 15.27	 3.58	 1
YuShan_4231	 0.0	 6.93	 7.9	 14.2	 17.44	 19.14	 17.29	 17.09	 3.58	 2
YuShan_4231	 0.0	 10.03	 8.69	 15.01	 17.19	 17.78	 15.96	 15.34	 3.58	 3
YuShan_4231	 0.0	 9.59	 7.86	 11.43	 16.57	 16.25	 17.89	 20.41	 3.58	 4
YuShan_4231	 0.0	 13.35	 10.73	 13.2	 15.78	 16.93	 16.03	 13.97	 3.58	 5
YuShan_4231	 0.0	 11.99	 9.74	 15.24	 12.67	 15.94	 20.24	 14.19	 3.58	 6
YuShan_4231	 0.0	 35.32	 11.13	 11.55	 14.46	 12.01	 8.42	 7.11	 3.58	 7
YuShan_DB	 0.0	 19.82	 8.07	 3.46	 9.66	 11.91	 15.4	 26.13	 0.13	 0
YuShan_DB	 0.0	 1.11	 2.51	 7.91	 16.25	 5.3	 10.84	 24.95	 0.13	 1
YuShan_DB	 0.0	 6.79	 9.87	 7.6	 13.65	 17.86	 20.93	 23.3	 0.13	 2
YuShan_DB	 0.0	 8.41	 6.81	 11.42	 14.56	 18.37	 18.42	 21.99	 0.13	 3
YuShan_DB	 0.0	 12.12	 10.35	 9.89	 14.7	 19.28	 17.5	 16.17	 0.13	 4
YuShan_DB	 0.0	 11.52	 9.36	 11.43	 17.03	 19.06	 15.87	 15.73	 0.13	 5
YuShan_DB	 0.0	 19.95	 12.34	 9.0	 15.54	 13.03	 14.82	 15.33	 0.13	 6
YuShan_DB	 0.0	 21.86	 18.54	 9.52	 13.39	 13.28	 11.07	 12.34	 0.13	 7
YuShan_GL	 0.0	 13.76	 9.64	 18.89	 15.76	 8.83	 16.3	 16.82	 1.49	 0
YuShan_GL	 0.0	 38.26	 2.73	 6.09	 3.19	 6.01	 5.15	 38.56	 1.49	 1
YuShan_GL	 0.0	 10.76	 7.16	 15.42	 18.69	 17.54	 15.26	 15.17	 1.49	 2
YuShan_GL	 0.0	 14.68	 18.34	 10.95	 13.3	 14.62	 15.69	 12.42	 1.49	 3
YuShan_GL	 0.0	 19.64	 20.59	 12.04	 11.78	 12.79	 10.38	 12.78	 1.49	 4
YuShan_GL	 0.0	 22.55	 18.06	 14.04	 14.08	 10.08	 14.55	 6.65	 1.49	 5
YuShan_GL	 0.0	 18.24	 15.95	 19.46	 2.92	 11.86	 9.8	 18.84	 1.49	 6
YuShan_GL	 0.0	 16.13	 9.32	 26.09	 5.06	 4.9	 20.03	 18.46	 1.49	 7
YuShan_GL-0417	 0.0	 7.31	 9.98	 16.21	 19.04	 16.66	 14.99	 15.83	 1.87	 0
YuShan_GL-0417	 0.0	 11.14	 11.33	 14.75	 16.46	 16.19	 15.09	 15.04	 1.87	 1
YuShan_GL-0417	 0.0	 10.58	 9.07	 15.71	 18.41	 16.39	 15.26	 14.58	 1.87	 2
YuShan_GL-0417	 0.0	 12.93	 9.29	 15.35	 17.36	 16.76	 14.59	 13.72	 1.87	 3
YuShan_GL-0417	 0.0	 15.86	 9.39	 13.36	 15.08	 14.27	 15.91	 16.13	 1.87	 4
YuShan_GL-0417	 0.0	 13.89	 9.94	 15.02	 15.97	 16.46	 14.83	 13.91	 1.87	 5
YuShan_GL-0417	 0.0	 20.49	 10.88	 13.45	 12.5	 12.35	 14.21	 13.44	 1.87	 6
YuShan_GL-0417	 0.0	 27.34	 12.92	 14.99	 13.4	 11.11	 9.35	 10.89	 1.87	 7
YuShan_GL_B2	 0.0	 12.33	 11.36	 9.62	 16.24	 14.6	 15.69	 20.15	 0.96	 0
YuShan_GL_B2	 0.0	 12.0	 8.47	 13.9	 16.56	 19.27	 14.19	 15.61	 0.96	 1
YuShan_GL_B2	 0.0	 12.89	 9.54	 10.54	 14.9	 16.07	 16.28	 19.79	 0.96	 2
YuShan_GL_B2	 0.0	 13.46	 10.06	 12.04	 15.62	 17.33	 15.64	 15.86	 0.96	 3
YuShan_GL_B2	 0.0	 16.52	 12.06	 10.55	 13.57	 16.64	 14.8	 15.85	 0.96	 4
YuShan_GL_B2	 0.0	 14.41	 9.85	 13.61	 14.87	 17.32	 16.27	 13.66	 0.96	 5
YuShan_GL_B2	 0.0	 21.51	 20.83	 7.82	 9.69	 13.85	 11.14	 15.17	 0.96	 6
YuShan_GL_B2	 0.0	 35.29	 14.03	 10.44	 12.11	 11.72	 9.48	 6.92	 0.96	 7
YuShan_GL_F13	 0.0	 9.06	 9.94	 13.7	 15.96	 16.67	 17.23	 17.43	 1.84	 0
YuShan_GL_F13	 0.0	 9.05	 9.29	 14.97	 19.51	 17.27	 15.79	 14.12	 1.84	 1
YuShan_GL_F13	 0.0	 10.46	 9.78	 17.6	 18.13	 15.98	 14.92	 13.13	 1.84	 2
YuShan_GL_F13	 0.0	 13.77	 10.16	 15.42	 18.0	 16.08	 14.25	 12.32	 1.84	 3
YuShan_GL_F13	 0.0	 15.33	 11.46	 12.94	 15.41	 16.15	 14.18	 14.54	 1.84	 4
YuShan_GL_F13	 0.0	 18.63	 11.46	 14.26	 17.39	 14.66	 12.01	 11.59	 1.84	 5
YuShan_GL_F13	 0.0	 21.27	 14.61	 12.24	 12.99	 13.58	 12.1	 13.2	 1.84	 6
YuShan_GL_F13	 0.0	 35.5	 11.58	 9.17	 13.85	 10.0	 7.82	 12.08	 1.84	 7
YuShan_GL_KG	 0.0	 7.76	 9.37	 16.25	 18.26	 17.65	 15.71	 15.0	 0.47	 0
YuShan_GL_KG	 0.0	 11.1	 9.94	 17.61	 15.68	 14.47	 14.51	 16.69	 0.47	 1
YuShan_GL_KG	 0.0	 9.07	 8.51	 16.94	 17.56	 17.06	 16.28	 14.57	 0.47	 2
YuShan_GL_KG	 0.0	 12.56	 8.06	 13.5	 16.23	 16.5	 18.67	 14.46	 0.47	 3
YuShan_GL_KG	 0.0	 14.48	 10.76	 12.83	 13.71	 16.59	 15.32	 16.31	 0.47	 4
YuShan_GL_KG	 0.0	 15.69	 12.05	 14.02	 16.12	 15.45	 13.51	 13.16	 0.47	 5
YuShan_GL_KG	 0.0	 20.45	 12.59	 10.68	 12.07	 18.75	 11.97	 13.48	 0.47	 6
YuShan_GL_KG	 0.0	 28.93	 12.54	 14.12	 13.11	 10.74	 11.78	 8.79	 0.47	 7
YuShan_GL_SC	 0.0	 8.12	 8.35	 14.92	 17.74	 17.49	 17.62	 15.75	 1.4	 0
YuShan_GL_SC	 0.0	 10.49	 9.2	 16.31	 16.5	 15.32	 16.96	 15.24	 1.4	 1
YuShan_GL_SC	 0.0	 9.93	 8.93	 15.91	 17.24	 16.62	 15.5	 15.86	 1.4	 2
YuShan_GL_SC	 0.0	 13.73	 10.51	 15.57	 16.08	 15.9	 15.52	 12.69	 1.4	 3
YuShan_GL_SC	 0.0	 13.58	 10.29	 12.04	 15.21	 15.78	 15.88	 17.21	 1.4	 4
YuShan_GL_SC	 0.0	 15.32	 10.36	 14.92	 16.26	 15.28	 14.75	 13.1	 1.4	 5
YuShan_GL_SC	 0.0	 18.76	 13.41	 13.54	 11.75	 12.75	 16.2	 13.59	 1.4	 6
YuShan_GL_SC	 0.0	 29.12	 14.83	 10.54	 12.11	 13.63	 12.01	 7.77	 1.4	 7
YuShan_GL_YS	 0.0	 9.85	 12.25	 8.62	 14.47	 16.07	 19.56	 19.17	 1.71	 0
YuShan_GL_YS	 0.0	 5.64	 6.73	 16.29	 19.08	 19.44	 14.23	 18.58	 1.71	 1
YuShan_GL_YS	 0.0	 11.85	 10.63	 11.89	 15.37	 16.72	 17.11	 16.43	 1.71	 2
YuShan_GL_YS	 0.0	 11.83	 9.83	 14.02	 15.73	 17.68	 15.47	 15.44	 1.71	 3
YuShan_GL_YS	 0.0	 14.52	 11.62	 10.97	 13.44	 15.49	 15.79	 18.17	 1.71	 4
YuShan_GL_YS	 0.0	 13.09	 10.33	 13.66	 16.03	 17.01	 13.99	 15.89	 1.71	 5
YuShan_GL_YS	 0.0	 11.69	 14.71	 13.17	 12.28	 20.47	 12.95	 14.72	 1.71	 6
YuShan_GL_YS	 0.0	 32.09	 17.72	 8.75	 14.56	 11.94	 8.86	 6.08	 1.71	 7
YuShan_N1209	 0.0	 8.13	 9.0	 14.09	 16.91	 16.45	 17.53	 17.89	 1.05	 0
YuShan_N1209	 0.0	 14.54	 10.14	 14.02	 15.85	 18.27	 14.64	 12.54	 1.05	 1
YuShan_N1209	 0.0	 9.35	 8.97	 17.96	 18.01	 17.44	 15.0	 13.27	 1.05	 2
YuShan_N1209	 0.0	 13.39	 10.96	 15.68	 17.45	 16.02	 14.44	 12.06	 1.05	 3
YuShan_N1209	 0.0	 14.11	 9.46	 12.44	 16.06	 17.41	 15.54	 14.97	 1.05	 4
YuShan_N1209	 0.0	 13.95	 9.93	 13.49	 16.84	 17.34	 14.79	 13.67	 1.05	 5
YuShan_N1209	 0.0	 18.54	 17.55	 11.94	 13.06	 10.55	 11.1	 17.24	 1.05	 6
YuShan_N1209	 0.0	 40.29	 15.32	 9.57	 9.19	 10.56	 8.69	 6.38	 1.05	 7
YuShan_NB	 0.0	 9.05	 8.19	 10.76	 15.19	 23.91	 17.94	 14.95	 1.51	 0
YuShan_NB	 0.0	 9.96	 9.39	 16.25	 16.43	 14.92	 16.83	 16.21	 1.51	 1
YuShan_NB	 0.0	 8.88	 10.45	 14.77	 15.48	 18.32	 17.36	 14.74	 1.51	 2
YuShan_NB	 0.0	 11.88	 9.18	 15.48	 15.5	 16.2	 16.47	 15.29	 1.51	 3
YuShan_NB	 0.0	 14.2	 11.15	 13.92	 16.13	 15.89	 13.78	 14.94	 1.51	 4
YuShan_NB	 0.0	 17.22	 10.26	 14.49	 16.14	 15.46	 14.42	 12.01	 1.51	 5
YuShan_NB	 0.0	 13.01	 11.19	 9.1	 12.88	 15.86	 22.05	 15.91	 1.51	 6
YuShan_NB	 0.0	 35.32	 14.52	 10.51	 10.53	 10.1	 8.92	 10.09	 1.51	 7
YuShan_NBV	 0.0	 4.77	 8.86	 9.16	 14.22	 18.76	 21.3	 22.94	 2.16	 0
YuShan_NBV	 0.0	 6.13	 8.72	 13.06	 17.68	 19.99	 18.36	 16.07	 2.16	 1
YuShan_NBV	 0.0	 5.52	 7.8	 10.18	 14.98	 18.94	 21.5	 21.08	 2.16	 2
YuShan_NBV	 0.0	 8.1	 9.36	 12.05	 15.44	 18.96	 18.38	 17.71	 2.16	 3
YuShan_NBV	 0.0	 8.56	 7.58	 10.14	 14.81	 18.95	 18.93	 21.02	 2.16	 4
YuShan_NBV	 0.0	 11.7	 9.89	 13.34	 15.85	 17.12	 16.01	 16.1	 2.16	 5
YuShan_NBV	 0.0	 18.4	 12.63	 10.46	 17.16	 12.6	 14.33	 14.42	 2.16	 6
YuShan_NBV	 0.0	 35.35	 9.61	 10.5	 9.77	 11.4	 10.62	 12.75	 2.16	 7
YuShan_gld	 0.0	 10.3	 9.55	 5.34	 11.84	 17.41	 19.79	 25.76	 1.15	 0
YuShan_gld	 0.0	 8.57	 7.25	 9.82	 14.52	 15.6	 20.49	 23.74	 1.15	 1
YuShan_gld	 0.0	 10.05	 7.99	 8.03	 12.49	 16.21	 19.61	 25.62	 1.15	 2
YuShan_gld	 0.0	 11.01	 8.83	 10.12	 13.88	 16.93	 17.48	 21.75	 1.15	 3
YuShan_gld	 0.0	 11.32	 8.91	 9.16	 13.36	 16.99	 18.71	 21.55	 1.15	 4
YuShan_gld	 0.0	 10.76	 10.27	 11.27	 14.95	 18.38	 16.54	 17.83	 1.15	 5
YuShan_gld	 0.0	 18.65	 16.06	 10.78	 14.5	 14.48	 12.47	 13.05	 1.15	 6
YuShan_gld	 0.0	 35.58	 11.54	 9.68	 10.98	 11.49	 10.82	 9.9	 1.15	 7
YuShan_gld_it	 0.0	 11.53	 8.54	 5.84	 11.22	 15.67	 20.66	 26.54	 1.44	 0
YuShan_gld_it	 0.0	 8.12	 5.18	 9.58	 13.86	 17.52	 21.43	 24.31	 1.44	 1
YuShan_gld_it	 0.0	 10.57	 7.66	 7.11	 11.7	 17.55	 19.32	 26.09	 1.44	 2
YuShan_gld_it	 0.0	 11.62	 8.31	 10.4	 14.09	 16.16	 17.47	 21.95	 1.44	 3
YuShan_gld_it	 0.0	 11.75	 9.13	 9.3	 13.15	 16.26	 18.12	 22.3	 1.44	 4
YuShan_gld_it	 0.0	 12.03	 9.36	 11.23	 14.3	 17.2	 16.96	 18.92	 1.44	 5
YuShan_gld_it	 0.0	 19.82	 13.41	 13.37	 14.25	 13.93	 11.45	 13.77	 1.44	 6
YuShan_gld_it	 0.0	 34.29	 12.09	 9.4	 10.15	 12.21	 11.9	 9.97	 1.44	 7
hfut-Phienox	 0.0	 11.27	 11.86	 7.34	 9.62	 11.98	 18.99	 28.94	 1.27	 0
hfut-Phienox	 0.0	 10.51	 6.49	 5.46	 22.81	 22.88	 17.77	 14.07	 1.27	 1
hfut-Phienox	 0.0	 11.34	 8.02	 8.15	 11.22	 18.36	 19.8	 23.1	 1.27	 2
hfut-Phienox	 0.0	 9.08	 7.19	 9.13	 12.58	 17.26	 19.5	 25.26	 1.27	 3
hfut-Phienox	 0.0	 15.29	 7.95	 10.82	 14.6	 17.94	 18.45	 14.94	 1.27	 4
hfut-Phienox	 0.0	 12.16	 8.94	 12.04	 13.0	 18.65	 17.51	 17.69	 1.27	 5
hfut-Phienox	 0.0	 18.1	 12.3	 9.29	 11.98	 14.45	 21.09	 12.79	 1.27	 6
hfut-Phienox	 0.0	 25.17	 9.71	 6.88	 13.64	 16.59	 13.61	 14.41	 1.27	 7
image_dragon	 0.0	 11.13	 9.38	 6.84	 12.4	 15.85	 18.23	 26.18	 0.84	 0
image_dragon	 0.0	 16.04	 11.56	 9.1	 13.0	 17.9	 15.89	 16.52	 0.84	 1
image_dragon	 0.0	 10.2	 7.56	 8.42	 12.63	 16.89	 19.26	 25.02	 0.84	 2
image_dragon	 0.0	 12.22	 8.74	 10.84	 14.4	 18.47	 16.34	 18.99	 0.84	 3
image_dragon	 0.0	 11.7	 8.47	 10.6	 14.27	 18.5	 17.02	 19.43	 0.84	 4
image_dragon	 0.0	 14.84	 9.74	 11.55	 18.18	 17.02	 15.66	 13.01	 0.84	 5
image_dragon	 0.0	 14.42	 10.4	 8.16	 10.76	 18.53	 18.11	 18.6	 0.84	 6
image_dragon	 0.0	 21.88	 9.91	 12.12	 16.0	 13.43	 13.07	 13.58	 0.84	 7
mt2019b	 0.0	 10.06	 9.05	 11.31	 14.68	 15.41	 17.95	 21.55	 1.01	 0
mt2019b	 0.0	 7.33	 6.65	 11.35	 17.29	 17.49	 18.74	 21.14	 1.01	 1
mt2019b	 0.0	 10.72	 8.49	 11.92	 14.84	 15.02	 17.53	 21.47	 1.01	 2
mt2019b	 0.0	 11.68	 9.24	 11.63	 14.5	 15.12	 17.23	 20.61	 1.01	 3
mt2019b	 0.0	 14.26	 9.72	 10.8	 12.74	 15.03	 15.26	 22.2	 1.01	 4
mt2019b	 0.0	 17.19	 11.1	 13.17	 14.53	 15.58	 12.42	 16.0	 1.01	 5
mt2019b	 0.0	 18.68	 14.6	 8.0	 12.79	 14.84	 13.73	 16.76	 1.01	 6
mt2019b	 0.0	 25.64	 13.42	 10.05	 11.97	 12.0	 14.26	 12.65	 1.01	 7
nbut2d	 0.0	 12.24	 18.54	 4.62	 4.85	 18.91	 22.21	 18.63	 0.0	 0
nbut2d	 0.0	 3.7	 11.11	 0.0	 3.7	 29.63	 11.11	 7.41	 0.0	 1
nbut2d	 0.0	 5.65	 3.85	 9.22	 7.98	 18.8	 30.0	 24.49	 0.0	 2
nbut2d	 0.0	 10.91	 4.69	 9.74	 11.56	 12.75	 29.85	 20.51	 0.0	 3
nbut2d	 0.0	 9.51	 3.04	 4.1	 22.58	 19.99	 19.47	 21.32	 0.0	 4
nbut2d	 0.0	 3.4	 1.29	 12.94	 23.03	 27.38	 17.17	 14.8	 0.0	 5
nbut2d	 0.0	 15.0	 6.0	 0.0	 6.0	 29.0	 28.0	 16.0	 0.0	 6
nbut2d	 0.0	 6.26	 18.26	 6.26	 18.79	 6.67	 12.52	 31.23	 0.0	 7
